Cipher Suite                                    Size (B)    Mean (µs)   Std (µs)       MB/s
------------------------------------------------------------------------------------------
TLS_AES_128_GCM_SHA256                                16         2.12       2.34        7.2
TLS_AES_128_GCM_SHA256                               512         2.16       0.45      226.4
TLS_AES_128_GCM_SHA256                              1024         2.33       0.61      418.9
TLS_AES_128_GCM_SHA256                             16384         5.51       0.80     2834.2
TLS_AES_128_GCM_SHA256                             65536        14.59       0.59     4282.7
------------------------------------------------------------------------------------------
TLS_AES_256_GCM_SHA384                                16         1.95       0.38        7.8
TLS_AES_256_GCM_SHA384                               512         2.17       0.21      224.9
TLS_AES_256_GCM_SHA384                              1024         2.35       0.17      416.0
TLS_AES_256_GCM_SHA384                             16384         6.49       0.46     2409.2
TLS_AES_256_GCM_SHA384                             65536        22.41      26.35     2788.6
------------------------------------------------------------------------------------------
TLS_CHACHA20_POLY1305_SHA256                          16         2.74       1.30        5.6
TLS_CHACHA20_POLY1305_SHA256                         512         2.96       0.56      164.9
TLS_CHACHA20_POLY1305_SHA256                        1024         3.17       0.35      308.2
TLS_CHACHA20_POLY1305_SHA256                       16384        10.45       0.45     1495.1
TLS_CHACHA20_POLY1305_SHA256                       65536        32.52       0.71     1921.7
------------------------------------------------------------------------------------------
TLS_AES_128_CCM_SHA256                                16         2.90       1.01        5.3
TLS_AES_128_CCM_SHA256                               512         4.50       4.36      108.6
TLS_AES_128_CCM_SHA256                              1024         3.70       0.41      264.3
TLS_AES_128_CCM_SHA256                             16384        14.95       0.51     1045.1
TLS_AES_128_CCM_SHA256                             65536        49.80       2.09     1255.0
------------------------------------------------------------------------------------------
TLS_AES_128_CBC_SHA256                                16        21.47      31.60        0.7
TLS_AES_128_CBC_SHA256                               512        19.50       1.10       25.0
TLS_AES_128_CBC_SHA256                              1024        20.89       0.99       46.7
TLS_AES_128_CBC_SHA256                             16384        66.50      11.32      235.0
TLS_AES_128_CBC_SHA256                             65536       228.91      70.02      273.0
------------------------------------------------------------------------------------------
TLS_ECDHE_RSA_WITH_3DES_EDE_CBC_SHA                   16        52.89     530.88        0.3
TLS_ECDHE_RSA_WITH_3DES_EDE_CBC_SHA                  512        28.90       2.72       16.9
TLS_ECDHE_RSA_WITH_3DES_EDE_CBC_SHA                 1024        57.40      35.26       17.0
TLS_ECDHE_RSA_WITH_3DES_EDE_CBC_SHA                16384       539.10     123.34       29.0
TLS_ECDHE_RSA_WITH_3DES_EDE_CBC_SHA                65536      2089.35     721.47       29.9
------------------------------------------------------------------------------------------
