Cipher Suite                                    Size (B)    Mean (µs)   Std (µs)       MB/s
------------------------------------------------------------------------------------------
TLS_AES_128_GCM_SHA256                                16        16.73      56.05        0.9
TLS_AES_128_GCM_SHA256                               512        11.95       2.47       40.8
TLS_AES_128_GCM_SHA256                              1024        12.33       2.72       79.2
TLS_AES_128_GCM_SHA256                             16384        18.41      17.96      848.8
TLS_AES_128_GCM_SHA256                             65536        29.89       6.49     2090.7
------------------------------------------------------------------------------------------
TLS_AES_256_GCM_SHA384                                16        11.26       2.41        1.4
TLS_AES_256_GCM_SHA384                               512        13.39      17.33       36.5
TLS_AES_256_GCM_SHA384                              1024        12.86       5.57       75.9
TLS_AES_256_GCM_SHA384                             16384        18.26       3.86      855.5
TLS_AES_256_GCM_SHA384                             65536        35.22      22.10     1774.6
------------------------------------------------------------------------------------------
TLS_CHACHA20_POLY1305_SHA256                          16         7.59       4.27        2.0
TLS_CHACHA20_POLY1305_SHA256                         512         8.38       2.40       58.3
TLS_CHACHA20_POLY1305_SHA256                        1024         9.15       4.03      106.7
TLS_CHACHA20_POLY1305_SHA256                       16384        17.14       2.49      911.6
TLS_CHACHA20_POLY1305_SHA256                       65536        42.60       4.74     1467.2
------------------------------------------------------------------------------------------
TLS_AES_128_CCM_SHA256                                16        12.63       4.24        1.2
TLS_AES_128_CCM_SHA256                               512        13.05       2.28       37.4
TLS_AES_128_CCM_SHA256                              1024        14.05       3.34       69.5
TLS_AES_128_CCM_SHA256                             16384        25.56       2.38      611.4
TLS_AES_128_CCM_SHA256                             65536        65.02      13.86      961.3
------------------------------------------------------------------------------------------
TLS_AES_128_CBC_SHA256                                16        39.27      16.96        0.4
TLS_AES_128_CBC_SHA256                               512        40.83       7.72       12.0
TLS_AES_128_CBC_SHA256                              1024        42.47       7.04       23.0
TLS_AES_128_CBC_SHA256                             16384        84.78       5.92      184.3
TLS_AES_128_CBC_SHA256                             65536       224.03      15.97      279.0
------------------------------------------------------------------------------------------
TLS_ECDHE_RSA_WITH_3DES_EDE_CBC_SHA                   16        24.78       4.95        0.6
TLS_ECDHE_RSA_WITH_3DES_EDE_CBC_SHA                  512        40.70       4.07       12.0
TLS_ECDHE_RSA_WITH_3DES_EDE_CBC_SHA                 1024        57.57       7.19       17.0
TLS_ECDHE_RSA_WITH_3DES_EDE_CBC_SHA                16384       531.62      20.91       29.4
TLS_ECDHE_RSA_WITH_3DES_EDE_CBC_SHA                65536      2105.60     445.76       29.7
------------------------------------------------------------------------------------------
