Cipher Suite                                    Size (B)    Mean (µs)   Std (µs)       MB/s
------------------------------------------------------------------------------------------
TLS_AES_128_GCM_SHA256                                16        17.01      56.56        0.9
TLS_AES_128_GCM_SHA256                               512        12.96       4.91       37.7
TLS_AES_128_GCM_SHA256                              1024        12.32       2.27       79.3
TLS_AES_128_GCM_SHA256                             16384        18.14      21.58      861.1
TLS_AES_128_GCM_SHA256                             65536        29.51       5.80     2117.7
------------------------------------------------------------------------------------------
TLS_AES_256_GCM_SHA384                                16        11.44       2.11        1.3
TLS_AES_256_GCM_SHA384                               512        15.00      29.20       32.5
TLS_AES_256_GCM_SHA384                              1024        12.33       1.87       79.2
TLS_AES_256_GCM_SHA384                             16384        17.67       2.55      884.2
TLS_AES_256_GCM_SHA384                             65536        35.38      23.30     1766.6
------------------------------------------------------------------------------------------
TLS_CHACHA20_POLY1305_SHA256                          16         7.13       2.30        2.1
TLS_CHACHA20_POLY1305_SHA256                         512         7.79       1.92       62.7
TLS_CHACHA20_POLY1305_SHA256                        1024         8.49       2.64      115.1
TLS_CHACHA20_POLY1305_SHA256                       16384        16.27       2.12      960.2
TLS_CHACHA20_POLY1305_SHA256                       65536        43.89      19.31     1424.2
------------------------------------------------------------------------------------------
TLS_AES_128_CCM_SHA256                                16        12.27       3.38        1.2
TLS_AES_128_CCM_SHA256                               512        12.70       1.83       38.5
TLS_AES_128_CCM_SHA256                              1024        15.17      20.34       64.4
TLS_AES_128_CCM_SHA256                             16384        25.63       3.15      609.8
TLS_AES_128_CCM_SHA256                             65536        65.12      20.88      959.8
------------------------------------------------------------------------------------------
TLS_AES_128_CBC_SHA256                                16        41.16      29.16        0.4
TLS_AES_128_CBC_SHA256                               512        41.26      21.54       11.8
TLS_AES_128_CBC_SHA256                              1024        43.09      20.90       22.7
TLS_AES_128_CBC_SHA256                             16384        87.60      25.89      178.4
TLS_AES_128_CBC_SHA256                             65536       231.09      52.47      270.5
------------------------------------------------------------------------------------------
TLS_ECDHE_RSA_WITH_3DES_EDE_CBC_SHA                   16        27.66      24.51        0.6
TLS_ECDHE_RSA_WITH_3DES_EDE_CBC_SHA                  512        43.48      23.02       11.2
TLS_ECDHE_RSA_WITH_3DES_EDE_CBC_SHA                 1024        59.01      22.30       16.5
TLS_ECDHE_RSA_WITH_3DES_EDE_CBC_SHA                16384       552.20      66.62       28.3
TLS_ECDHE_RSA_WITH_3DES_EDE_CBC_SHA                65536      2097.23      73.15       29.8
------------------------------------------------------------------------------------------
