Cipher Suite                                    Size (B)    Mean (µs)   Std (µs)       MB/s
------------------------------------------------------------------------------------------
TLS_AES_128_GCM_SHA256                                16        19.74      73.99        0.8
TLS_AES_128_GCM_SHA256                               512        14.94      20.43       32.7
TLS_AES_128_GCM_SHA256                              1024        15.48      24.91       63.1
TLS_AES_128_GCM_SHA256                             16384        21.89      27.61      713.8
TLS_AES_128_GCM_SHA256                             65536        36.83      33.30     1697.2
------------------------------------------------------------------------------------------
TLS_AES_256_GCM_SHA384                                16        13.40      19.16        1.1
TLS_AES_256_GCM_SHA384                               512        13.52      19.77       36.1
TLS_AES_256_GCM_SHA384                              1024        12.44       2.17       78.5
TLS_AES_256_GCM_SHA384                             16384        23.40      28.45      667.8
TLS_AES_256_GCM_SHA384                             65536        41.95      34.82     1489.8
------------------------------------------------------------------------------------------
TLS_CHACHA20_POLY1305_SHA256                          16         8.29      12.28        1.8
TLS_CHACHA20_POLY1305_SHA256                         512         9.85      17.24       49.6
TLS_CHACHA20_POLY1305_SHA256                        1024        10.22      15.93       95.6
TLS_CHACHA20_POLY1305_SHA256                       16384        21.09      25.89      741.0
TLS_CHACHA20_POLY1305_SHA256                       65536        54.43      39.47     1148.2
------------------------------------------------------------------------------------------
TLS_AES_128_CCM_SHA256                                16        15.51      21.83        1.0
TLS_AES_128_CCM_SHA256                               512        12.96       1.91       37.7
TLS_AES_128_CCM_SHA256                              1024        16.85      22.66       58.0
TLS_AES_128_CCM_SHA256                             16384        31.68      27.29      493.3
TLS_AES_128_CCM_SHA256                             65536        84.91      77.63      736.1
------------------------------------------------------------------------------------------
TLS_AES_128_CBC_SHA256                                16        45.57      37.65        0.3
TLS_AES_128_CBC_SHA256                               512        55.91      56.43        8.7
TLS_AES_128_CBC_SHA256                              1024        55.87      47.77       17.5
TLS_AES_128_CBC_SHA256                             16384       109.10      62.97      143.2
TLS_AES_128_CBC_SHA256                             65536       273.12     100.80      228.8
------------------------------------------------------------------------------------------
TLS_ECDHE_RSA_WITH_3DES_EDE_CBC_SHA                   16        28.61      30.56        0.5
TLS_ECDHE_RSA_WITH_3DES_EDE_CBC_SHA                  512        44.89      29.86       10.9
TLS_ECDHE_RSA_WITH_3DES_EDE_CBC_SHA                 1024        66.75      37.73       14.6
TLS_ECDHE_RSA_WITH_3DES_EDE_CBC_SHA                16384       751.78    1199.94       20.8
TLS_ECDHE_RSA_WITH_3DES_EDE_CBC_SHA                65536      2625.38    1001.20       23.8
------------------------------------------------------------------------------------------
