Cipher Suite                                    Size (B)    Mean (µs)   Std (µs)       MB/s
------------------------------------------------------------------------------------------
TLS_AES_128_GCM_SHA256                                16        15.23      51.65        1.0
TLS_AES_128_GCM_SHA256                               512        13.11       5.72       37.2
TLS_AES_128_GCM_SHA256                              1024        14.01      23.28       69.7
TLS_AES_128_GCM_SHA256                             16384        16.96       3.77      921.3
TLS_AES_128_GCM_SHA256                             65536        32.20      25.47     1941.0
------------------------------------------------------------------------------------------
TLS_AES_256_GCM_SHA384                                16        11.45       2.96        1.3
TLS_AES_256_GCM_SHA384                               512        12.32       2.29       39.6
TLS_AES_256_GCM_SHA384                              1024        12.52       2.43       78.0
TLS_AES_256_GCM_SHA384                             16384        19.55      24.27      799.4
TLS_AES_256_GCM_SHA384                             65536        34.26       7.35     1824.1
------------------------------------------------------------------------------------------
TLS_CHACHA20_POLY1305_SHA256                          16         9.21      23.62        1.7
TLS_CHACHA20_POLY1305_SHA256                         512         7.89       2.22       61.9
TLS_CHACHA20_POLY1305_SHA256                        1024         8.45       2.16      115.6
TLS_CHACHA20_POLY1305_SHA256                       16384        16.54       2.77      944.5
TLS_CHACHA20_POLY1305_SHA256                       65536        43.70      22.91     1430.2
------------------------------------------------------------------------------------------
TLS_AES_128_CCM_SHA256                                16        12.49       3.56        1.2
TLS_AES_128_CCM_SHA256                               512        14.53      19.29       33.6
TLS_AES_128_CCM_SHA256                              1024        14.01       3.68       69.7
TLS_AES_128_CCM_SHA256                             16384        27.04      19.80      577.9
TLS_AES_128_CCM_SHA256                             65536        65.76      22.54      950.4
------------------------------------------------------------------------------------------
TLS_AES_128_CBC_SHA256                                16        40.78      24.67        0.4
TLS_AES_128_CBC_SHA256                               512        40.34       4.94       12.1
TLS_AES_128_CBC_SHA256                              1024        43.78      21.17       22.3
TLS_AES_128_CBC_SHA256                             16384        90.61      40.95      172.4
TLS_AES_128_CBC_SHA256                             65536       237.24      80.22      263.4
------------------------------------------------------------------------------------------
TLS_ECDHE_RSA_WITH_3DES_EDE_CBC_SHA                   16        25.11       4.79        0.6
TLS_ECDHE_RSA_WITH_3DES_EDE_CBC_SHA                  512        43.61      26.23       11.2
TLS_ECDHE_RSA_WITH_3DES_EDE_CBC_SHA                 1024        91.59     449.43       10.7
TLS_ECDHE_RSA_WITH_3DES_EDE_CBC_SHA                16384       558.80      68.55       28.0
TLS_ECDHE_RSA_WITH_3DES_EDE_CBC_SHA                65536      2151.45     288.34       29.1
------------------------------------------------------------------------------------------
