Cipher Suite                                    Size (B)    Mean (µs)   Std (µs)       MB/s
------------------------------------------------------------------------------------------
TLS_AES_128_GCM_SHA256                                16        14.76      49.02        1.0
TLS_AES_128_GCM_SHA256                               512        12.41       3.48       39.3
TLS_AES_128_GCM_SHA256                              1024        12.31       2.06       79.3
TLS_AES_128_GCM_SHA256                             16384        16.90       4.23      924.5
TLS_AES_128_GCM_SHA256                             65536        29.83       5.71     2094.9
------------------------------------------------------------------------------------------
TLS_AES_256_GCM_SHA384                                16        13.27      25.68        1.1
TLS_AES_256_GCM_SHA384                               512        12.04       2.03       40.6
TLS_AES_256_GCM_SHA384                              1024        12.27       1.90       79.6
TLS_AES_256_GCM_SHA384                             16384        19.51      19.71      801.0
TLS_AES_256_GCM_SHA384                             65536        34.14       4.67     1830.9
------------------------------------------------------------------------------------------
TLS_CHACHA20_POLY1305_SHA256                          16         7.02       2.27        2.2
TLS_CHACHA20_POLY1305_SHA256                         512         7.81       1.99       62.5
TLS_CHACHA20_POLY1305_SHA256                        1024         7.94       0.72      123.0
TLS_CHACHA20_POLY1305_SHA256                       16384        16.30       2.64      958.5
TLS_CHACHA20_POLY1305_SHA256                       65536        43.79      20.33     1427.3
------------------------------------------------------------------------------------------
TLS_AES_128_CCM_SHA256                                16        12.38       3.29        1.2
TLS_AES_128_CCM_SHA256                               512        14.76      22.50       33.1
TLS_AES_128_CCM_SHA256                              1024        13.51       2.03       72.3
TLS_AES_128_CCM_SHA256                             16384        25.52       2.96      612.4
TLS_AES_128_CCM_SHA256                             65536        67.44      30.09      926.7
------------------------------------------------------------------------------------------
TLS_AES_128_CBC_SHA256                                16        41.39      29.92        0.4
TLS_AES_128_CBC_SHA256                               512        40.14       5.29       12.2
TLS_AES_128_CBC_SHA256                              1024        43.24      24.84       22.6
TLS_AES_128_CBC_SHA256                             16384        88.76      33.16      176.0
TLS_AES_128_CBC_SHA256                             65536       228.67      42.87      273.3
------------------------------------------------------------------------------------------
TLS_ECDHE_RSA_WITH_3DES_EDE_CBC_SHA                   16        26.92      19.77        0.6
TLS_ECDHE_RSA_WITH_3DES_EDE_CBC_SHA                  512        48.08      88.64       10.2
TLS_ECDHE_RSA_WITH_3DES_EDE_CBC_SHA                 1024        59.61      29.29       16.4
TLS_ECDHE_RSA_WITH_3DES_EDE_CBC_SHA                16384       604.71     391.13       25.8
TLS_ECDHE_RSA_WITH_3DES_EDE_CBC_SHA                65536      2082.93     129.61       30.0
------------------------------------------------------------------------------------------
