Cipher Suite                                    Size (B)    Mean (µs)   Std (µs)       MB/s
------------------------------------------------------------------------------------------
TLS_AES_128_GCM_SHA256                                16        19.30      72.71        0.8
TLS_AES_128_GCM_SHA256                               512        14.23      15.42       34.3
TLS_AES_128_GCM_SHA256                              1024        12.87       2.87       75.9
TLS_AES_128_GCM_SHA256                             16384        17.11       3.50      913.2
TLS_AES_128_GCM_SHA256                             65536        33.69      38.40     1855.2
------------------------------------------------------------------------------------------
TLS_AES_256_GCM_SHA384                                16        12.05       8.78        1.3
TLS_AES_256_GCM_SHA384                               512        12.36       2.13       39.5
TLS_AES_256_GCM_SHA384                              1024        18.69      43.70       52.3
TLS_AES_256_GCM_SHA384                             16384        22.97      29.01      680.1
TLS_AES_256_GCM_SHA384                             65536        45.17      44.47     1383.5
------------------------------------------------------------------------------------------
TLS_CHACHA20_POLY1305_SHA256                          16         9.94      21.16        1.5
TLS_CHACHA20_POLY1305_SHA256                         512        11.00      20.85       44.4
TLS_CHACHA20_POLY1305_SHA256                        1024        10.47      16.64       93.3
TLS_CHACHA20_POLY1305_SHA256                       16384        21.47      25.31      727.8
TLS_CHACHA20_POLY1305_SHA256                       65536        55.72      48.39     1121.7
------------------------------------------------------------------------------------------
TLS_AES_128_CCM_SHA256                                16        15.75      22.28        1.0
TLS_AES_128_CCM_SHA256                               512        18.59      31.66       26.3
TLS_AES_128_CCM_SHA256                              1024        33.56     226.18       29.1
TLS_AES_128_CCM_SHA256                             16384        35.17      43.44      444.3
TLS_AES_128_CCM_SHA256                             65536        84.35      55.20      741.0
------------------------------------------------------------------------------------------
TLS_AES_128_CBC_SHA256                                16        58.14      66.20        0.3
TLS_AES_128_CBC_SHA256                               512        53.51      44.75        9.1
TLS_AES_128_CBC_SHA256                              1024        58.68      56.67       16.6
TLS_AES_128_CBC_SHA256                             16384        99.44      57.12      157.1
TLS_AES_128_CBC_SHA256                             65536       287.13      96.50      217.7
------------------------------------------------------------------------------------------
TLS_ECDHE_RSA_WITH_3DES_EDE_CBC_SHA                   16        31.93      33.48        0.5
TLS_ECDHE_RSA_WITH_3DES_EDE_CBC_SHA                  512        53.13      39.23        9.2
TLS_ECDHE_RSA_WITH_3DES_EDE_CBC_SHA                 1024        68.55      38.60       14.2
TLS_ECDHE_RSA_WITH_3DES_EDE_CBC_SHA                16384       656.52     177.83       23.8
TLS_ECDHE_RSA_WITH_3DES_EDE_CBC_SHA                65536      2497.95     574.13       25.0
------------------------------------------------------------------------------------------
