Cipher Suite                                    Size (B)    Mean (µs)   Std (µs)       MB/s
------------------------------------------------------------------------------------------
TLS_AES_128_GCM_SHA256                                16        19.24      70.45        0.8
TLS_AES_128_GCM_SHA256                               512        14.22      16.64       34.3
TLS_AES_128_GCM_SHA256                              1024        13.83      12.67       70.6
TLS_AES_128_GCM_SHA256                             16384        35.75     176.67      437.1
TLS_AES_128_GCM_SHA256                             65536        39.49      35.55     1582.7
------------------------------------------------------------------------------------------
TLS_AES_256_GCM_SHA384                                16        14.56      20.69        1.0
TLS_AES_256_GCM_SHA384                               512        14.19      14.53       34.4
TLS_AES_256_GCM_SHA384                              1024        15.78      21.20       61.9
TLS_AES_256_GCM_SHA384                             16384        40.39     194.54      386.9
TLS_AES_256_GCM_SHA384                             65536        43.49      34.66     1437.2
------------------------------------------------------------------------------------------
TLS_CHACHA20_POLY1305_SHA256                          16         9.70      20.15        1.6
TLS_CHACHA20_POLY1305_SHA256                         512         9.17      14.98       53.3
TLS_CHACHA20_POLY1305_SHA256                        1024        10.66      20.82       91.6
TLS_CHACHA20_POLY1305_SHA256                       16384        20.24      22.33      772.1
TLS_CHACHA20_POLY1305_SHA256                       65536        53.79      38.20     1161.9
------------------------------------------------------------------------------------------
TLS_AES_128_CCM_SHA256                                16        17.70      26.72        0.9
TLS_AES_128_CCM_SHA256                               512        14.93      15.46       32.7
TLS_AES_128_CCM_SHA256                              1024        16.69      21.10       58.5
TLS_AES_128_CCM_SHA256                             16384        32.61      31.37      479.2
TLS_AES_128_CCM_SHA256                             65536        95.89      94.98      651.8
------------------------------------------------------------------------------------------
TLS_AES_128_CBC_SHA256                                16        41.14      23.44        0.4
TLS_AES_128_CBC_SHA256                               512        40.56       4.13       12.0
TLS_AES_128_CBC_SHA256                              1024        44.51      22.22       21.9
TLS_AES_128_CBC_SHA256                             16384        89.20      27.85      175.2
TLS_AES_128_CBC_SHA256                             65536       239.41      53.74      261.1
------------------------------------------------------------------------------------------
TLS_ECDHE_RSA_WITH_3DES_EDE_CBC_SHA                   16        24.65       4.63        0.6
TLS_ECDHE_RSA_WITH_3DES_EDE_CBC_SHA                  512        42.81      21.99       11.4
TLS_ECDHE_RSA_WITH_3DES_EDE_CBC_SHA                 1024        59.94      23.00       16.3
TLS_ECDHE_RSA_WITH_3DES_EDE_CBC_SHA                16384       643.16     248.41       24.3
TLS_ECDHE_RSA_WITH_3DES_EDE_CBC_SHA                65536      2657.08     363.88       23.5
------------------------------------------------------------------------------------------
