Cipher Suite                                    Size (B)    Mean (µs)   Std (µs)       MB/s
------------------------------------------------------------------------------------------
TLS_AES_128_GCM_SHA256                                16        16.91      56.80        0.9
TLS_AES_128_GCM_SHA256                               512        12.10       3.40       40.4
TLS_AES_128_GCM_SHA256                              1024        12.64       3.03       77.2
TLS_AES_128_GCM_SHA256                             16384        17.63       7.89      886.0
TLS_AES_128_GCM_SHA256                             65536        30.40       8.01     2055.6
------------------------------------------------------------------------------------------
TLS_AES_256_GCM_SHA384                                16        11.53       2.92        1.3
TLS_AES_256_GCM_SHA384                               512        12.55       4.31       38.9
TLS_AES_256_GCM_SHA384                              1024        12.57       3.16       77.7
TLS_AES_256_GCM_SHA384                             16384        18.35       3.72      851.7
TLS_AES_256_GCM_SHA384                             65536        34.28       6.12     1823.3
------------------------------------------------------------------------------------------
TLS_CHACHA20_POLY1305_SHA256                          16         7.69       5.11        2.0
TLS_CHACHA20_POLY1305_SHA256                         512         8.30       2.82       58.8
TLS_CHACHA20_POLY1305_SHA256                        1024         8.67       3.61      112.6
TLS_CHACHA20_POLY1305_SHA256                       16384        17.04       3.17      917.1
TLS_CHACHA20_POLY1305_SHA256                       65536        43.54       8.01     1435.5
------------------------------------------------------------------------------------------
TLS_AES_128_CCM_SHA256                                16        12.59       4.11        1.2
TLS_AES_128_CCM_SHA256                               512        13.54       3.49       36.1
TLS_AES_128_CCM_SHA256                              1024        14.42       4.04       67.7
TLS_AES_128_CCM_SHA256                             16384        26.82       5.16      582.5
TLS_AES_128_CCM_SHA256                             65536        65.30       9.31      957.1
------------------------------------------------------------------------------------------
TLS_AES_128_CBC_SHA256                                16        40.33      17.83        0.4
TLS_AES_128_CBC_SHA256                               512        41.74      10.10       11.7
TLS_AES_128_CBC_SHA256                              1024        42.95       6.31       22.7
TLS_AES_128_CBC_SHA256                             16384        87.68      10.70      178.2
TLS_AES_128_CBC_SHA256                             65536       228.12      21.47      274.0
------------------------------------------------------------------------------------------
TLS_ECDHE_RSA_WITH_3DES_EDE_CBC_SHA                   16        26.11      10.37        0.6
TLS_ECDHE_RSA_WITH_3DES_EDE_CBC_SHA                  512        41.53       8.86       11.8
TLS_ECDHE_RSA_WITH_3DES_EDE_CBC_SHA                 1024        57.85       9.67       16.9
TLS_ECDHE_RSA_WITH_3DES_EDE_CBC_SHA                16384       566.72     162.42       27.6
TLS_ECDHE_RSA_WITH_3DES_EDE_CBC_SHA                65536      2277.55    1307.12       27.4
------------------------------------------------------------------------------------------
