Cipher Suite                                    Size (B)    Mean (µs)   Std (µs)       MB/s
------------------------------------------------------------------------------------------
TLS_AES_128_GCM_SHA256                                16        15.42      50.11        1.0
TLS_AES_128_GCM_SHA256                               512        29.71     201.96       16.4
TLS_AES_128_GCM_SHA256                              1024        57.61     377.51       17.0
TLS_AES_128_GCM_SHA256                             16384        53.71     206.16      290.9
TLS_AES_128_GCM_SHA256                             65536        69.80     190.45      895.4
------------------------------------------------------------------------------------------
TLS_AES_256_GCM_SHA384                                16        20.13      87.72        0.8
TLS_AES_256_GCM_SHA384                               512        12.41       2.03       39.3
TLS_AES_256_GCM_SHA384                              1024        12.81       1.95       76.2
TLS_AES_256_GCM_SHA384                             16384        50.67     186.02      308.4
TLS_AES_256_GCM_SHA384                             65536        41.85      87.14     1493.3
------------------------------------------------------------------------------------------
TLS_CHACHA20_POLY1305_SHA256                          16        21.48     144.97        0.7
TLS_CHACHA20_POLY1305_SHA256                         512         8.05       1.86       60.7
TLS_CHACHA20_POLY1305_SHA256                        1024         8.49       1.91      115.0
TLS_CHACHA20_POLY1305_SHA256                       16384        25.21      69.52      619.7
TLS_CHACHA20_POLY1305_SHA256                       65536        66.52     152.09      939.6
------------------------------------------------------------------------------------------
TLS_AES_128_CCM_SHA256                                16        18.30      55.22        0.8
TLS_AES_128_CCM_SHA256                               512        17.46      40.15       28.0
TLS_AES_128_CCM_SHA256                              1024        18.99      67.23       51.4
TLS_AES_128_CCM_SHA256                             16384        46.33     238.01      337.2
TLS_AES_128_CCM_SHA256                             65536       119.16     277.63      524.5
------------------------------------------------------------------------------------------
TLS_AES_128_CBC_SHA256                                16        41.57      22.36        0.4
TLS_AES_128_CBC_SHA256                               512        42.22      16.75       11.6
TLS_AES_128_CBC_SHA256                              1024        44.09      16.47       22.2
TLS_AES_128_CBC_SHA256                             16384       186.64     710.87       83.7
TLS_AES_128_CBC_SHA256                             65536       434.93     601.62      143.7
------------------------------------------------------------------------------------------
TLS_ECDHE_RSA_WITH_3DES_EDE_CBC_SHA                   16        44.84     122.09        0.3
TLS_ECDHE_RSA_WITH_3DES_EDE_CBC_SHA                  512        58.83     143.32        8.3
TLS_ECDHE_RSA_WITH_3DES_EDE_CBC_SHA                 1024       103.28     310.78        9.5
TLS_ECDHE_RSA_WITH_3DES_EDE_CBC_SHA                16384       692.22     274.66       22.6
TLS_ECDHE_RSA_WITH_3DES_EDE_CBC_SHA                65536      3005.89    1549.92       20.8
------------------------------------------------------------------------------------------
