Cipher Suite                                    Size (B)    Mean (µs)   Std (µs)       MB/s
------------------------------------------------------------------------------------------
TLS_AES_128_GCM_SHA256                                16        14.91      48.98        1.0
TLS_AES_128_GCM_SHA256                               512        11.99       2.55       40.7
TLS_AES_128_GCM_SHA256                              1024        14.30      21.02       68.3
TLS_AES_128_GCM_SHA256                             16384        16.84       3.70      927.8
TLS_AES_128_GCM_SHA256                             65536        29.84       5.63     2094.5
------------------------------------------------------------------------------------------
TLS_AES_256_GCM_SHA384                                16        13.37      25.60        1.1
TLS_AES_256_GCM_SHA384                               512        11.95       1.94       40.9
TLS_AES_256_GCM_SHA384                              1024        12.39       1.84       78.8
TLS_AES_256_GCM_SHA384                             16384        19.48      23.24      802.2
TLS_AES_256_GCM_SHA384                             65536        33.71       4.14     1853.9
------------------------------------------------------------------------------------------
TLS_CHACHA20_POLY1305_SHA256                          16         8.91      19.12        1.7
TLS_CHACHA20_POLY1305_SHA256                         512         8.14       1.63       60.0
TLS_CHACHA20_POLY1305_SHA256                        1024         8.50       2.16      114.9
TLS_CHACHA20_POLY1305_SHA256                       16384        16.50       1.76      947.2
TLS_CHACHA20_POLY1305_SHA256                       65536        43.58      16.86     1434.2
------------------------------------------------------------------------------------------
TLS_AES_128_CCM_SHA256                                16        12.35       3.14        1.2
TLS_AES_128_CCM_SHA256                               512        14.85      17.21       32.9
TLS_AES_128_CCM_SHA256                              1024        13.91       1.78       70.2
TLS_AES_128_CCM_SHA256                             16384        25.98       2.80      601.4
TLS_AES_128_CCM_SHA256                             65536        66.90      25.43      934.2
------------------------------------------------------------------------------------------
TLS_AES_128_CBC_SHA256                                16        40.90      25.02        0.4
TLS_AES_128_CBC_SHA256                               512        40.63       5.76       12.0
TLS_AES_128_CBC_SHA256                              1024        44.13      22.75       22.1
TLS_AES_128_CBC_SHA256                             16384        89.13      29.88      175.3
TLS_AES_128_CBC_SHA256                             65536       230.97      44.88      270.6
------------------------------------------------------------------------------------------
TLS_ECDHE_RSA_WITH_3DES_EDE_CBC_SHA                   16        26.11       7.06        0.6
TLS_ECDHE_RSA_WITH_3DES_EDE_CBC_SHA                  512        43.65      28.46       11.2
TLS_ECDHE_RSA_WITH_3DES_EDE_CBC_SHA                 1024        59.15      22.41       16.5
TLS_ECDHE_RSA_WITH_3DES_EDE_CBC_SHA                16384       546.46      63.48       28.6
TLS_ECDHE_RSA_WITH_3DES_EDE_CBC_SHA                65536      2117.34     451.69       29.5
------------------------------------------------------------------------------------------
