Cipher Suite                                    Size (B)    Mean (µs)   Std (µs)       MB/s
------------------------------------------------------------------------------------------
TLS_AES_128_GCM_SHA256                                16        15.25      54.14        1.0
TLS_AES_128_GCM_SHA256                               512        16.14      56.98       30.2
TLS_AES_128_GCM_SHA256                              1024        13.60      16.37       71.8
TLS_AES_128_GCM_SHA256                             16384        17.43       5.25      896.6
TLS_AES_128_GCM_SHA256                             65536        57.05     116.98     1095.5
------------------------------------------------------------------------------------------
TLS_AES_256_GCM_SHA384                                16        12.86      16.31        1.2
TLS_AES_256_GCM_SHA384                               512        12.55       3.16       38.9
TLS_AES_256_GCM_SHA384                              1024        12.76       3.23       76.5
TLS_AES_256_GCM_SHA384                             16384        19.28      16.28      810.6
TLS_AES_256_GCM_SHA384                             65536        34.04       4.82     1836.2
------------------------------------------------------------------------------------------
TLS_CHACHA20_POLY1305_SHA256                          16         7.36       3.22        2.1
TLS_CHACHA20_POLY1305_SHA256                         512         9.49      17.91       51.5
TLS_CHACHA20_POLY1305_SHA256                        1024        11.19      42.00       87.2
TLS_CHACHA20_POLY1305_SHA256                       16384        22.35      48.86      699.1
TLS_CHACHA20_POLY1305_SHA256                       65536        63.88     115.93      978.4
------------------------------------------------------------------------------------------
TLS_AES_128_CCM_SHA256                                16        18.14      54.04        0.8
TLS_AES_128_CCM_SHA256                               512        19.56      65.53       25.0
TLS_AES_128_CCM_SHA256                              1024        18.30      51.39       53.4
TLS_AES_128_CCM_SHA256                             16384        35.12      83.04      444.9
TLS_AES_128_CCM_SHA256                             65536        96.36     138.00      648.6
------------------------------------------------------------------------------------------
TLS_AES_128_CBC_SHA256                                16        54.41     116.97        0.3
TLS_AES_128_CBC_SHA256                               512        62.89     122.18        7.8
TLS_AES_128_CBC_SHA256                              1024        60.33      97.54       16.2
TLS_AES_128_CBC_SHA256                             16384       118.63     138.80      131.7
TLS_AES_128_CBC_SHA256                             65536       290.38     191.58      215.2
------------------------------------------------------------------------------------------
TLS_ECDHE_RSA_WITH_3DES_EDE_CBC_SHA                   16        37.81      84.63        0.4
TLS_ECDHE_RSA_WITH_3DES_EDE_CBC_SHA                  512        56.49      92.99        8.6
TLS_ECDHE_RSA_WITH_3DES_EDE_CBC_SHA                 1024        59.83      17.88       16.3
TLS_ECDHE_RSA_WITH_3DES_EDE_CBC_SHA                16384       744.65     385.94       21.0
TLS_ECDHE_RSA_WITH_3DES_EDE_CBC_SHA                65536      2398.85     484.72       26.1
------------------------------------------------------------------------------------------
