Cipher Suite                                    Size (B)    Mean (µs)   Std (µs)       MB/s
------------------------------------------------------------------------------------------
TLS_AES_128_GCM_SHA256                                16        15.24      48.46        1.0
TLS_AES_128_GCM_SHA256                               512        12.11       2.40       40.3
TLS_AES_128_GCM_SHA256                              1024        12.31       1.98       79.3
TLS_AES_128_GCM_SHA256                             16384        17.02       4.23      918.1
TLS_AES_128_GCM_SHA256                             65536        30.45       6.14     2052.6
------------------------------------------------------------------------------------------
TLS_AES_256_GCM_SHA384                                16        11.39       2.58        1.3
TLS_AES_256_GCM_SHA384                               512        12.12       2.54       40.3
TLS_AES_256_GCM_SHA384                              1024        12.38       1.86       78.9
TLS_AES_256_GCM_SHA384                             16384        17.70       2.53      882.6
TLS_AES_256_GCM_SHA384                             65536        33.89       4.13     1844.1
------------------------------------------------------------------------------------------
TLS_CHACHA20_POLY1305_SHA256                          16         7.44       3.04        2.0
TLS_CHACHA20_POLY1305_SHA256                         512         8.05       2.14       60.6
TLS_CHACHA20_POLY1305_SHA256                        1024         8.40       2.03      116.2
TLS_CHACHA20_POLY1305_SHA256                       16384        17.12       3.28      912.6
TLS_CHACHA20_POLY1305_SHA256                       65536        66.84     246.66      935.0
------------------------------------------------------------------------------------------
TLS_AES_128_CCM_SHA256                                16        12.80       7.03        1.2
TLS_AES_128_CCM_SHA256                               512        24.67     109.07       19.8
TLS_AES_128_CCM_SHA256                              1024        15.54       6.59       62.8
TLS_AES_128_CCM_SHA256                             16384        60.10     450.23      260.0
TLS_AES_128_CCM_SHA256                             65536        74.49      76.20      839.1
------------------------------------------------------------------------------------------
TLS_AES_128_CBC_SHA256                                16        42.51      30.94        0.4
TLS_AES_128_CBC_SHA256                               512        43.52      21.66       11.2
TLS_AES_128_CBC_SHA256                              1024        42.60       7.28       22.9
TLS_AES_128_CBC_SHA256                             16384        87.35      10.95      178.9
TLS_AES_128_CBC_SHA256                             65536       224.39      12.59      278.5
------------------------------------------------------------------------------------------
TLS_ECDHE_RSA_WITH_3DES_EDE_CBC_SHA                   16        25.20       6.11        0.6
TLS_ECDHE_RSA_WITH_3DES_EDE_CBC_SHA                  512        41.42       5.54       11.8
TLS_ECDHE_RSA_WITH_3DES_EDE_CBC_SHA                 1024        57.12       5.26       17.1
TLS_ECDHE_RSA_WITH_3DES_EDE_CBC_SHA                16384       561.53     154.28       27.8
TLS_ECDHE_RSA_WITH_3DES_EDE_CBC_SHA                65536      2045.34      30.17       30.6
------------------------------------------------------------------------------------------
