Cipher Suite                                    Size (B)    Mean (µs)   Std (µs)       MB/s
------------------------------------------------------------------------------------------
TLS_AES_128_GCM_SHA256                                16        15.08      49.13        1.0
TLS_AES_128_GCM_SHA256                               512        11.82       2.49       41.3
TLS_AES_128_GCM_SHA256                              1024        12.37       3.60       78.9
TLS_AES_128_GCM_SHA256                             16384        16.71       3.84      934.9
TLS_AES_128_GCM_SHA256                             65536        31.44      35.41     1988.0
------------------------------------------------------------------------------------------
TLS_AES_256_GCM_SHA384                                16        11.22       2.28        1.4
TLS_AES_256_GCM_SHA384                               512        12.18       2.60       40.1
TLS_AES_256_GCM_SHA384                              1024        12.19       1.84       80.1
TLS_AES_256_GCM_SHA384                             16384        17.39       2.55      898.5
TLS_AES_256_GCM_SHA384                             65536        33.15       4.22     1885.5
------------------------------------------------------------------------------------------
TLS_CHACHA20_POLY1305_SHA256                          16         7.37       2.89        2.1
TLS_CHACHA20_POLY1305_SHA256                         512         7.72       1.77       63.2
TLS_CHACHA20_POLY1305_SHA256                        1024         8.29       1.77      117.8
TLS_CHACHA20_POLY1305_SHA256                       16384        16.37       2.44      954.3
TLS_CHACHA20_POLY1305_SHA256                       65536        42.70      10.92     1463.8
------------------------------------------------------------------------------------------
TLS_AES_128_CCM_SHA256                                16        12.38       5.33        1.2
TLS_AES_128_CCM_SHA256                               512        13.48       6.06       36.2
TLS_AES_128_CCM_SHA256                              1024        13.71       3.40       71.2
TLS_AES_128_CCM_SHA256                             16384        25.55       2.72      611.7
TLS_AES_128_CCM_SHA256                             65536        63.75       4.79      980.4
------------------------------------------------------------------------------------------
TLS_AES_128_CBC_SHA256                                16        39.28      20.10        0.4
TLS_AES_128_CBC_SHA256                               512        39.73       6.05       12.3
TLS_AES_128_CBC_SHA256                              1024        41.03       4.76       23.8
TLS_AES_128_CBC_SHA256                             16384        84.08       5.63      185.8
TLS_AES_128_CBC_SHA256                             65536       224.24      42.05      278.7
------------------------------------------------------------------------------------------
TLS_ECDHE_RSA_WITH_3DES_EDE_CBC_SHA                   16        24.69       5.21        0.6
TLS_ECDHE_RSA_WITH_3DES_EDE_CBC_SHA                  512        41.16       5.41       11.9
TLS_ECDHE_RSA_WITH_3DES_EDE_CBC_SHA                 1024        57.06       6.16       17.1
TLS_ECDHE_RSA_WITH_3DES_EDE_CBC_SHA                16384       535.39      10.80       29.2
TLS_ECDHE_RSA_WITH_3DES_EDE_CBC_SHA                65536      2481.60    3562.87       25.2
------------------------------------------------------------------------------------------
