Cipher Suite                                    Size (B)    Mean (µs)   Std (µs)       MB/s
------------------------------------------------------------------------------------------
TLS_AES_128_GCM_SHA256                                16        14.83      50.06        1.0
TLS_AES_128_GCM_SHA256                               512        11.99       3.31       40.7
TLS_AES_128_GCM_SHA256                              1024        12.43       3.88       78.6
TLS_AES_128_GCM_SHA256                             16384        16.64       3.41      939.0
TLS_AES_128_GCM_SHA256                             65536        29.87       5.80     2092.6
------------------------------------------------------------------------------------------
TLS_AES_256_GCM_SHA384                                16        11.25       2.40        1.4
TLS_AES_256_GCM_SHA384                               512        12.01       2.19       40.7
TLS_AES_256_GCM_SHA384                              1024        12.14       1.83       80.5
TLS_AES_256_GCM_SHA384                             16384        17.63       3.42      886.2
TLS_AES_256_GCM_SHA384                             65536        33.49       3.73     1866.5
------------------------------------------------------------------------------------------
TLS_CHACHA20_POLY1305_SHA256                          16         7.54       2.80        2.0
TLS_CHACHA20_POLY1305_SHA256                         512        10.54       9.26       46.3
TLS_CHACHA20_POLY1305_SHA256                        1024         8.39       1.74      116.5
TLS_CHACHA20_POLY1305_SHA256                       16384        16.52       2.36      946.0
TLS_CHACHA20_POLY1305_SHA256                       65536        41.94       3.44     1490.4
------------------------------------------------------------------------------------------
TLS_AES_128_CCM_SHA256                                16        12.49       3.07        1.2
TLS_AES_128_CCM_SHA256                               512        13.54       2.90       36.1
TLS_AES_128_CCM_SHA256                              1024        13.85       2.55       70.5
TLS_AES_128_CCM_SHA256                             16384        25.97       3.49      601.6
TLS_AES_128_CCM_SHA256                             65536        64.73       5.52      965.5
------------------------------------------------------------------------------------------
TLS_AES_128_CBC_SHA256                                16        40.76      18.38        0.4
TLS_AES_128_CBC_SHA256                               512        41.02       6.81       11.9
TLS_AES_128_CBC_SHA256                              1024        42.57       6.80       22.9
TLS_AES_128_CBC_SHA256                             16384        85.74       7.74      182.2
TLS_AES_128_CBC_SHA256                             65536       224.95      16.59      277.8
------------------------------------------------------------------------------------------
TLS_ECDHE_RSA_WITH_3DES_EDE_CBC_SHA                   16        24.96       5.66        0.6
TLS_ECDHE_RSA_WITH_3DES_EDE_CBC_SHA                  512        41.39       5.82       11.8
TLS_ECDHE_RSA_WITH_3DES_EDE_CBC_SHA                 1024        57.09       5.03       17.1
TLS_ECDHE_RSA_WITH_3DES_EDE_CBC_SHA                16384       529.35      11.94       29.5
TLS_ECDHE_RSA_WITH_3DES_EDE_CBC_SHA                65536      2169.23     901.79       28.8
------------------------------------------------------------------------------------------
