Cipher Suite                                    Size (B)    Mean (µs)   Std (µs)       MB/s
------------------------------------------------------------------------------------------
TLS_AES_128_GCM_SHA256                                16        14.77      47.99        1.0
TLS_AES_128_GCM_SHA256                               512        12.32       3.76       39.6
TLS_AES_128_GCM_SHA256                              1024        12.50       2.60       78.1
TLS_AES_128_GCM_SHA256                             16384        16.49       2.82      947.3
TLS_AES_128_GCM_SHA256                             65536        29.80       6.16     2097.0
------------------------------------------------------------------------------------------
TLS_AES_256_GCM_SHA384                                16        11.23       2.05        1.4
TLS_AES_256_GCM_SHA384                               512        12.19       1.85       40.1
TLS_AES_256_GCM_SHA384                              1024        12.40       1.99       78.8
TLS_AES_256_GCM_SHA384                             16384        17.38       2.78      899.2
TLS_AES_256_GCM_SHA384                             65536        33.96       6.69     1840.6
------------------------------------------------------------------------------------------
TLS_CHACHA20_POLY1305_SHA256                          16         7.39       2.76        2.1
TLS_CHACHA20_POLY1305_SHA256                         512         7.59       0.69       64.3
TLS_CHACHA20_POLY1305_SHA256                        1024         8.20       0.73      119.1
TLS_CHACHA20_POLY1305_SHA256                       16384        16.46       2.42      949.3
TLS_CHACHA20_POLY1305_SHA256                       65536        42.19       4.77     1481.2
------------------------------------------------------------------------------------------
TLS_AES_128_CCM_SHA256                                16        12.63       4.04        1.2
TLS_AES_128_CCM_SHA256                               512        12.95       1.91       37.7
TLS_AES_128_CCM_SHA256                              1024        13.87       3.08       70.4
TLS_AES_128_CCM_SHA256                             16384        25.77       4.18      606.4
TLS_AES_128_CCM_SHA256                             65536        64.04       6.15      975.9
------------------------------------------------------------------------------------------
TLS_AES_128_CBC_SHA256                                16        39.55      16.60        0.4
TLS_AES_128_CBC_SHA256                               512        40.29       6.72       12.1
TLS_AES_128_CBC_SHA256                              1024        41.45       4.00       23.6
TLS_AES_128_CBC_SHA256                             16384        85.13       6.52      183.5
TLS_AES_128_CBC_SHA256                             65536       224.95      14.35      277.8
------------------------------------------------------------------------------------------
TLS_ECDHE_RSA_WITH_3DES_EDE_CBC_SHA                   16        26.17       8.97        0.6
TLS_ECDHE_RSA_WITH_3DES_EDE_CBC_SHA                  512        89.65     626.14        5.4
TLS_ECDHE_RSA_WITH_3DES_EDE_CBC_SHA                 1024        57.52       6.56       17.0
TLS_ECDHE_RSA_WITH_3DES_EDE_CBC_SHA                16384       529.52      14.67       29.5
TLS_ECDHE_RSA_WITH_3DES_EDE_CBC_SHA                65536      2073.01     273.44       30.1
------------------------------------------------------------------------------------------
