Cipher Suite                                    Size (B)    Mean (µs)   Std (µs)       MB/s
------------------------------------------------------------------------------------------
TLS_AES_128_GCM_SHA256                                16        15.13      49.30        1.0
TLS_AES_128_GCM_SHA256                               512        12.16       2.61       40.1
TLS_AES_128_GCM_SHA256                              1024        13.92      18.78       70.2
TLS_AES_128_GCM_SHA256                             16384        17.10       3.32      914.0
TLS_AES_128_GCM_SHA256                             65536        31.68      19.77     1972.9
------------------------------------------------------------------------------------------
TLS_AES_256_GCM_SHA384                                16        11.41       2.20        1.3
TLS_AES_256_GCM_SHA384                               512        12.35       2.51       39.5
TLS_AES_256_GCM_SHA384                              1024        12.41       1.81       78.7
TLS_AES_256_GCM_SHA384                             16384        17.89       2.83      873.2
TLS_AES_256_GCM_SHA384                             65536        33.77       3.16     1850.7
------------------------------------------------------------------------------------------
TLS_CHACHA20_POLY1305_SHA256                          16         7.64       2.72        2.0
TLS_CHACHA20_POLY1305_SHA256                         512         8.26       1.97       59.1
TLS_CHACHA20_POLY1305_SHA256                        1024         8.74       1.56      111.8
TLS_CHACHA20_POLY1305_SHA256                       16384        17.28       3.82      904.1
TLS_CHACHA20_POLY1305_SHA256                       65536        43.23       3.79     1445.8
------------------------------------------------------------------------------------------
TLS_AES_128_CCM_SHA256                                16        12.61       3.24        1.2
TLS_AES_128_CCM_SHA256                               512        13.22       1.85       36.9
TLS_AES_128_CCM_SHA256                              1024        13.91       2.61       70.2
TLS_AES_128_CCM_SHA256                             16384        26.16       2.26      597.4
TLS_AES_128_CCM_SHA256                             65536        64.49       5.60      969.1
------------------------------------------------------------------------------------------
TLS_AES_128_CBC_SHA256                                16        39.45      16.02        0.4
TLS_AES_128_CBC_SHA256                               512        39.88       4.09       12.2
TLS_AES_128_CBC_SHA256                              1024        42.02       5.48       23.2
TLS_AES_128_CBC_SHA256                             16384        84.83       5.60      184.2
TLS_AES_128_CBC_SHA256                             65536       224.56      15.10      278.3
------------------------------------------------------------------------------------------
TLS_ECDHE_RSA_WITH_3DES_EDE_CBC_SHA                   16        26.21       8.93        0.6
TLS_ECDHE_RSA_WITH_3DES_EDE_CBC_SHA                  512        49.65      68.08        9.8
TLS_ECDHE_RSA_WITH_3DES_EDE_CBC_SHA                 1024        59.93      15.55       16.3
TLS_ECDHE_RSA_WITH_3DES_EDE_CBC_SHA                16384       658.70     457.28       23.7
TLS_ECDHE_RSA_WITH_3DES_EDE_CBC_SHA                65536      2433.78     371.99       25.7
------------------------------------------------------------------------------------------
