Cipher Suite                                    Size (B)    Mean (µs)   Std (µs)       MB/s
------------------------------------------------------------------------------------------
TLS_AES_128_GCM_SHA256                                16        14.96      49.02        1.0
TLS_AES_128_GCM_SHA256                               512        12.70       4.24       38.5
TLS_AES_128_GCM_SHA256                              1024        15.50      39.15       63.0
TLS_AES_128_GCM_SHA256                             16384        16.97       4.20      921.0
TLS_AES_128_GCM_SHA256                             65536        31.67      20.99     1973.3
------------------------------------------------------------------------------------------
TLS_AES_256_GCM_SHA384                                16        11.56       2.69        1.3
TLS_AES_256_GCM_SHA384                               512        12.31       1.93       39.7
TLS_AES_256_GCM_SHA384                              1024        14.97      31.42       65.2
TLS_AES_256_GCM_SHA384                             16384        17.60       2.28      887.9
TLS_AES_256_GCM_SHA384                             65536        35.80      24.16     1746.0
------------------------------------------------------------------------------------------
TLS_CHACHA20_POLY1305_SHA256                          16         7.60       3.23        2.0
TLS_CHACHA20_POLY1305_SHA256                         512         8.07       1.30       60.5
TLS_CHACHA20_POLY1305_SHA256                        1024         8.52       2.50      114.7
TLS_CHACHA20_POLY1305_SHA256                       16384        19.12      30.29      817.0
TLS_CHACHA20_POLY1305_SHA256                       65536        42.23       4.48     1479.9
------------------------------------------------------------------------------------------
TLS_AES_128_CCM_SHA256                                16        14.16      21.47        1.1
TLS_AES_128_CCM_SHA256                               512        13.39       2.82       36.5
TLS_AES_128_CCM_SHA256                              1024        13.95       2.90       70.0
TLS_AES_128_CCM_SHA256                             16384        27.70      21.34      564.1
TLS_AES_128_CCM_SHA256                             65536        65.22      17.02      958.3
------------------------------------------------------------------------------------------
TLS_AES_128_CBC_SHA256                                16        42.69      40.75        0.4
TLS_AES_128_CBC_SHA256                               512        41.70      21.96       11.7
TLS_AES_128_CBC_SHA256                              1024        43.28      19.64       22.6
TLS_AES_128_CBC_SHA256                             16384        87.65      22.94      178.3
TLS_AES_128_CBC_SHA256                             65536       226.42      17.41      276.0
------------------------------------------------------------------------------------------
TLS_ECDHE_RSA_WITH_3DES_EDE_CBC_SHA                   16        26.03       7.29        0.6
TLS_ECDHE_RSA_WITH_3DES_EDE_CBC_SHA                  512        45.18      11.62       10.8
TLS_ECDHE_RSA_WITH_3DES_EDE_CBC_SHA                 1024        57.67       5.92       16.9
TLS_ECDHE_RSA_WITH_3DES_EDE_CBC_SHA                16384       540.60      14.89       28.9
TLS_ECDHE_RSA_WITH_3DES_EDE_CBC_SHA                65536      2116.14     264.64       29.5
------------------------------------------------------------------------------------------
