Cipher Suite                                    Size (B)    Mean (µs)   Std (µs)       MB/s
------------------------------------------------------------------------------------------
TLS_AES_128_GCM_SHA256                                16        15.14      51.65        1.0
TLS_AES_128_GCM_SHA256                               512        12.06       2.58       40.5
TLS_AES_128_GCM_SHA256                              1024        12.44       2.96       78.5
TLS_AES_128_GCM_SHA256                             16384        16.75       3.11      932.7
TLS_AES_128_GCM_SHA256                             65536        29.80       6.67     2097.4
------------------------------------------------------------------------------------------
TLS_AES_256_GCM_SHA384                                16        11.34       2.31        1.3
TLS_AES_256_GCM_SHA384                               512        12.00       1.90       40.7
TLS_AES_256_GCM_SHA384                              1024        12.35       1.81       79.1
TLS_AES_256_GCM_SHA384                             16384        18.02       3.21      867.1
TLS_AES_256_GCM_SHA384                             65536        33.78       3.80     1850.4
------------------------------------------------------------------------------------------
TLS_CHACHA20_POLY1305_SHA256                          16         7.65       3.09        2.0
TLS_CHACHA20_POLY1305_SHA256                         512         7.71       1.98       63.3
TLS_CHACHA20_POLY1305_SHA256                        1024         8.20       2.09      119.1
TLS_CHACHA20_POLY1305_SHA256                       16384        16.47       2.32      948.8
TLS_CHACHA20_POLY1305_SHA256                       65536        42.00       4.47     1488.0
------------------------------------------------------------------------------------------
TLS_AES_128_CCM_SHA256                                16        12.03       3.74        1.3
TLS_AES_128_CCM_SHA256                               512        13.20       3.99       37.0
TLS_AES_128_CCM_SHA256                              1024        13.95       2.95       70.0
TLS_AES_128_CCM_SHA256                             16384        25.54       2.35      611.8
TLS_AES_128_CCM_SHA256                             65536        64.30       7.35      971.9
------------------------------------------------------------------------------------------
TLS_AES_128_CBC_SHA256                                16        39.27      16.73        0.4
TLS_AES_128_CBC_SHA256                               512        39.63       5.61       12.3
TLS_AES_128_CBC_SHA256                              1024        41.89       7.36       23.3
TLS_AES_128_CBC_SHA256                             16384        84.70       6.96      184.5
TLS_AES_128_CBC_SHA256                             65536       223.84      15.61      279.2
------------------------------------------------------------------------------------------
TLS_ECDHE_RSA_WITH_3DES_EDE_CBC_SHA                   16        24.69       5.70        0.6
TLS_ECDHE_RSA_WITH_3DES_EDE_CBC_SHA                  512        40.77       5.81       12.0
TLS_ECDHE_RSA_WITH_3DES_EDE_CBC_SHA                 1024        56.45       5.36       17.3
TLS_ECDHE_RSA_WITH_3DES_EDE_CBC_SHA                16384       534.57      26.30       29.2
TLS_ECDHE_RSA_WITH_3DES_EDE_CBC_SHA                65536      2174.88     534.61       28.7
------------------------------------------------------------------------------------------
