Cipher Suite                                    Size (B)    Mean (µs)   Std (µs)       MB/s
------------------------------------------------------------------------------------------
TLS_AES_128_GCM_SHA256                                16        15.34      51.01        1.0
TLS_AES_128_GCM_SHA256                               512        12.51       1.79       39.0
TLS_AES_128_GCM_SHA256                              1024        12.68       2.73       77.0
TLS_AES_128_GCM_SHA256                             16384        17.57       4.03      889.1
TLS_AES_128_GCM_SHA256                             65536        30.81       5.65     2028.7
------------------------------------------------------------------------------------------
TLS_AES_256_GCM_SHA384                                16        11.73       2.03        1.3
TLS_AES_256_GCM_SHA384                               512        12.52       1.78       39.0
TLS_AES_256_GCM_SHA384                              1024        13.13       3.49       74.4
TLS_AES_256_GCM_SHA384                             16384        18.16       2.40      860.6
TLS_AES_256_GCM_SHA384                             65536        37.19      29.93     1680.5
------------------------------------------------------------------------------------------
TLS_CHACHA20_POLY1305_SHA256                          16         7.65       3.48        2.0
TLS_CHACHA20_POLY1305_SHA256                         512         7.97       1.84       61.2
TLS_CHACHA20_POLY1305_SHA256                        1024         8.52       1.81      114.6
TLS_CHACHA20_POLY1305_SHA256                       16384        25.62     120.69      609.9
TLS_CHACHA20_POLY1305_SHA256                       65536        44.53      14.82     1403.7
------------------------------------------------------------------------------------------
TLS_AES_128_CCM_SHA256                                16        12.76       3.55        1.2
TLS_AES_128_CCM_SHA256                               512        12.91       2.05       37.8
TLS_AES_128_CCM_SHA256                              1024        13.78       2.71       70.9
TLS_AES_128_CCM_SHA256                             16384        26.95      13.79      579.8
TLS_AES_128_CCM_SHA256                             65536        65.27      19.34      957.5
------------------------------------------------------------------------------------------
TLS_AES_128_CBC_SHA256                                16        41.44      26.04        0.4
TLS_AES_128_CBC_SHA256                               512        41.56      18.09       11.7
TLS_AES_128_CBC_SHA256                              1024        42.93      20.24       22.7
TLS_AES_128_CBC_SHA256                             16384        86.93      29.30      179.7
TLS_AES_128_CBC_SHA256                             65536       277.87      82.86      224.9
------------------------------------------------------------------------------------------
TLS_ECDHE_RSA_WITH_3DES_EDE_CBC_SHA                   16        32.60      32.77        0.5
TLS_ECDHE_RSA_WITH_3DES_EDE_CBC_SHA                  512        52.52      38.67        9.3
TLS_ECDHE_RSA_WITH_3DES_EDE_CBC_SHA                 1024        72.22      43.00       13.5
TLS_ECDHE_RSA_WITH_3DES_EDE_CBC_SHA                16384       652.45     135.43       23.9
TLS_ECDHE_RSA_WITH_3DES_EDE_CBC_SHA                65536      2550.69    1071.83       24.5
------------------------------------------------------------------------------------------
