Cipher Suite                                    Size (B)    Mean (µs)   Std (µs)       MB/s
------------------------------------------------------------------------------------------
TLS_AES_128_GCM_SHA256                                16        19.58      71.41        0.8
TLS_AES_128_GCM_SHA256                               512        16.94      27.89       28.8
TLS_AES_128_GCM_SHA256                              1024        14.58      19.21       67.0
TLS_AES_128_GCM_SHA256                             16384        22.30      26.32      700.7
TLS_AES_128_GCM_SHA256                             65536        35.98      30.19     1737.1
------------------------------------------------------------------------------------------
TLS_AES_256_GCM_SHA384                                16        13.53      15.84        1.1
TLS_AES_256_GCM_SHA384                               512        15.07      19.41       32.4
TLS_AES_256_GCM_SHA384                              1024        16.69      32.16       58.5
TLS_AES_256_GCM_SHA384                             16384        23.24      27.10      672.4
TLS_AES_256_GCM_SHA384                             65536        41.92      34.92     1490.9
------------------------------------------------------------------------------------------
TLS_CHACHA20_POLY1305_SHA256                          16         9.31      16.40        1.6
TLS_CHACHA20_POLY1305_SHA256                         512         9.93      19.34       49.2
TLS_CHACHA20_POLY1305_SHA256                        1024        10.43      17.51       93.6
TLS_CHACHA20_POLY1305_SHA256                       16384        20.83      21.76      750.1
TLS_CHACHA20_POLY1305_SHA256                       65536        50.45      35.67     1238.8
------------------------------------------------------------------------------------------
TLS_AES_128_CCM_SHA256                                16        12.68       3.10        1.2
TLS_AES_128_CCM_SHA256                               512        13.74       4.22       35.5
TLS_AES_128_CCM_SHA256                              1024        13.92       1.90       70.2
TLS_AES_128_CCM_SHA256                             16384        28.83      21.59      542.0
TLS_AES_128_CCM_SHA256                             65536        66.44      14.08      940.7
------------------------------------------------------------------------------------------
TLS_AES_128_CBC_SHA256                                16        48.11      36.31        0.3
TLS_AES_128_CBC_SHA256                               512        49.32      36.36        9.9
TLS_AES_128_CBC_SHA256                              1024        51.00      36.45       19.1
TLS_AES_128_CBC_SHA256                             16384       109.35      67.43      142.9
TLS_AES_128_CBC_SHA256                             65536       263.48     101.41      237.2
------------------------------------------------------------------------------------------
TLS_ECDHE_RSA_WITH_3DES_EDE_CBC_SHA                   16        51.89     140.84        0.3
TLS_ECDHE_RSA_WITH_3DES_EDE_CBC_SHA                  512        67.76     244.75        7.2
TLS_ECDHE_RSA_WITH_3DES_EDE_CBC_SHA                 1024        80.83     115.54       12.1
TLS_ECDHE_RSA_WITH_3DES_EDE_CBC_SHA                16384       681.15     288.10       22.9
TLS_ECDHE_RSA_WITH_3DES_EDE_CBC_SHA                65536      2416.73     352.32       25.9
------------------------------------------------------------------------------------------
