Cipher Suite                                    Size (B)    Mean (µs)   Std (µs)       MB/s
------------------------------------------------------------------------------------------
TLS_AES_128_GCM_SHA256                                16        14.87      48.88        1.0
TLS_AES_128_GCM_SHA256                               512        12.46       4.79       39.2
TLS_AES_128_GCM_SHA256                              1024        13.55      19.27       72.1
TLS_AES_128_GCM_SHA256                             16384        16.48       3.35      948.2
TLS_AES_128_GCM_SHA256                             65536        30.67      15.85     2037.6
------------------------------------------------------------------------------------------
TLS_AES_256_GCM_SHA384                                16        11.46       2.74        1.3
TLS_AES_256_GCM_SHA384                               512        12.01       1.80       40.7
TLS_AES_256_GCM_SHA384                              1024        12.69       2.70       77.0
TLS_AES_256_GCM_SHA384                             16384        20.53      25.15      761.0
TLS_AES_256_GCM_SHA384                             65536        34.13       6.02     1831.1
------------------------------------------------------------------------------------------
TLS_CHACHA20_POLY1305_SHA256                          16         9.09      22.49        1.7
TLS_CHACHA20_POLY1305_SHA256                         512         7.82       2.15       62.4
TLS_CHACHA20_POLY1305_SHA256                        1024         8.48       2.36      115.1
TLS_CHACHA20_POLY1305_SHA256                       16384        17.01       3.25      918.6
TLS_CHACHA20_POLY1305_SHA256                       65536        44.13      22.54     1416.3
------------------------------------------------------------------------------------------
TLS_AES_128_CCM_SHA256                                16        12.65       3.41        1.2
TLS_AES_128_CCM_SHA256                               512        14.97      18.61       32.6
TLS_AES_128_CCM_SHA256                              1024        18.80      51.11       51.9
TLS_AES_128_CCM_SHA256                             16384        28.81      20.36      542.3
TLS_AES_128_CCM_SHA256                             65536        65.55      19.02      953.5
------------------------------------------------------------------------------------------
TLS_AES_128_CBC_SHA256                                16        41.97      26.10        0.4
TLS_AES_128_CBC_SHA256                               512        41.43      18.15       11.8
TLS_AES_128_CBC_SHA256                              1024        43.96      20.35       22.2
TLS_AES_128_CBC_SHA256                             16384        86.56      18.91      180.5
TLS_AES_128_CBC_SHA256                             65536       322.20     853.98      194.0
------------------------------------------------------------------------------------------
TLS_ECDHE_RSA_WITH_3DES_EDE_CBC_SHA                   16        26.81      27.32        0.6
TLS_ECDHE_RSA_WITH_3DES_EDE_CBC_SHA                  512        55.33     107.76        8.8
TLS_ECDHE_RSA_WITH_3DES_EDE_CBC_SHA                 1024        61.50      28.31       15.9
TLS_ECDHE_RSA_WITH_3DES_EDE_CBC_SHA                16384       553.71      63.92       28.2
TLS_ECDHE_RSA_WITH_3DES_EDE_CBC_SHA                65536      2213.49     589.65       28.2
------------------------------------------------------------------------------------------
