Cipher Suite                                    Size (B)    Mean (µs)   Std (µs)       MB/s
------------------------------------------------------------------------------------------
TLS_AES_128_GCM_SHA256                                16        14.99      48.72        1.0
TLS_AES_128_GCM_SHA256                               512        12.22       2.97       40.0
TLS_AES_128_GCM_SHA256                              1024        12.26       2.10       79.7
TLS_AES_128_GCM_SHA256                             16384        17.12       7.07      912.7
TLS_AES_128_GCM_SHA256                             65536        29.58       5.52     2112.9
------------------------------------------------------------------------------------------
TLS_AES_256_GCM_SHA384                                16        11.42       2.23        1.3
TLS_AES_256_GCM_SHA384                               512        12.35       2.17       39.5
TLS_AES_256_GCM_SHA384                              1024        12.74       2.94       76.6
TLS_AES_256_GCM_SHA384                             16384        17.96       2.55      869.8
TLS_AES_256_GCM_SHA384                             65536        34.50       4.59     1811.5
------------------------------------------------------------------------------------------
TLS_CHACHA20_POLY1305_SHA256                          16         7.67       2.94        2.0
TLS_CHACHA20_POLY1305_SHA256                         512         8.10       1.70       60.3
TLS_CHACHA20_POLY1305_SHA256                        1024         8.54       1.80      114.3
TLS_CHACHA20_POLY1305_SHA256                       16384        16.73       2.50      933.7
TLS_CHACHA20_POLY1305_SHA256                       65536        42.82       3.80     1459.5
------------------------------------------------------------------------------------------
TLS_AES_128_CCM_SHA256                                16        12.28       2.92        1.2
TLS_AES_128_CCM_SHA256                               512        13.83       2.80       35.3
TLS_AES_128_CCM_SHA256                              1024        14.44       3.69       67.6
TLS_AES_128_CCM_SHA256                             16384        25.92       3.16      602.8
TLS_AES_128_CCM_SHA256                             65536        68.85      32.21      907.7
------------------------------------------------------------------------------------------
TLS_AES_128_CBC_SHA256                                16        84.24     507.18        0.2
TLS_AES_128_CBC_SHA256                               512        41.50      26.20       11.8
TLS_AES_128_CBC_SHA256                              1024        43.83      22.94       22.3
TLS_AES_128_CBC_SHA256                             16384        84.60       6.58      184.7
TLS_AES_128_CBC_SHA256                             65536       223.47      14.25      279.7
------------------------------------------------------------------------------------------
TLS_ECDHE_RSA_WITH_3DES_EDE_CBC_SHA                   16        24.91       6.00        0.6
TLS_ECDHE_RSA_WITH_3DES_EDE_CBC_SHA                  512        40.15       3.66       12.2
TLS_ECDHE_RSA_WITH_3DES_EDE_CBC_SHA                 1024        57.20       7.98       17.1
TLS_ECDHE_RSA_WITH_3DES_EDE_CBC_SHA                16384       530.94      16.08       29.4
TLS_ECDHE_RSA_WITH_3DES_EDE_CBC_SHA                65536      2107.89     277.46       29.7
------------------------------------------------------------------------------------------
