Cipher Suite                                    Size (B)    Mean (µs)   Std (µs)       MB/s
------------------------------------------------------------------------------------------
TLS_AES_128_GCM_SHA256                                16        19.41      56.29        0.8
TLS_AES_128_GCM_SHA256                               512        15.17      22.82       32.2
TLS_AES_128_GCM_SHA256                              1024        16.11      22.76       60.6
TLS_AES_128_GCM_SHA256                             16384        20.72      23.57      754.0
TLS_AES_128_GCM_SHA256                             65536        35.77      28.88     1747.3
------------------------------------------------------------------------------------------
TLS_AES_256_GCM_SHA384                                16        12.84      17.93        1.2
TLS_AES_256_GCM_SHA384                               512        15.67      26.46       31.2
TLS_AES_256_GCM_SHA384                              1024        15.08      19.86       64.8
TLS_AES_256_GCM_SHA384                             16384        51.01     113.37      306.3
TLS_AES_256_GCM_SHA384                             65536        40.78      32.49     1532.6
------------------------------------------------------------------------------------------
TLS_CHACHA20_POLY1305_SHA256                          16         9.33      16.69        1.6
TLS_CHACHA20_POLY1305_SHA256                         512         9.96      18.91       49.0
TLS_CHACHA20_POLY1305_SHA256                        1024        10.21      16.01       95.6
TLS_CHACHA20_POLY1305_SHA256                       16384        21.45      26.46      728.3
TLS_CHACHA20_POLY1305_SHA256                       65536        53.60      43.55     1166.1
------------------------------------------------------------------------------------------
TLS_AES_128_CCM_SHA256                                16        14.00      18.67        1.1
TLS_AES_128_CCM_SHA256                               512        16.45      28.61       29.7
TLS_AES_128_CCM_SHA256                              1024        16.35      19.97       59.7
TLS_AES_128_CCM_SHA256                             16384        30.87      27.94      506.1
TLS_AES_128_CCM_SHA256                             65536        68.58      25.01      911.4
------------------------------------------------------------------------------------------
TLS_AES_128_CBC_SHA256                                16        40.14      16.69        0.4
TLS_AES_128_CBC_SHA256                               512        41.46      14.97       11.8
TLS_AES_128_CBC_SHA256                              1024        42.81       5.93       22.8
TLS_AES_128_CBC_SHA256                             16384        90.70      34.66      172.3
TLS_AES_128_CBC_SHA256                             65536       250.04      66.17      250.0
------------------------------------------------------------------------------------------
TLS_ECDHE_RSA_WITH_3DES_EDE_CBC_SHA                   16        32.48      36.19        0.5
TLS_ECDHE_RSA_WITH_3DES_EDE_CBC_SHA                  512        70.74     236.68        6.9
TLS_ECDHE_RSA_WITH_3DES_EDE_CBC_SHA                 1024        73.27      47.77       13.3
TLS_ECDHE_RSA_WITH_3DES_EDE_CBC_SHA                16384       653.64     101.59       23.9
TLS_ECDHE_RSA_WITH_3DES_EDE_CBC_SHA                65536      2430.06     410.05       25.7
------------------------------------------------------------------------------------------
