Cipher Suite                                    Size (B)    Mean (µs)   Std (µs)       MB/s
------------------------------------------------------------------------------------------
TLS_AES_128_GCM_SHA256                                16        14.89      48.53        1.0
TLS_AES_128_GCM_SHA256                               512        13.96      21.75       35.0
TLS_AES_128_GCM_SHA256                              1024        12.34       2.27       79.1
TLS_AES_128_GCM_SHA256                             16384        16.78       3.45      931.3
TLS_AES_128_GCM_SHA256                             65536        31.24      20.17     2000.4
------------------------------------------------------------------------------------------
TLS_AES_256_GCM_SHA384                                16        11.32       1.95        1.3
TLS_AES_256_GCM_SHA384                               512        12.14       2.63       40.2
TLS_AES_256_GCM_SHA384                              1024        13.87      20.91       70.4
TLS_AES_256_GCM_SHA384                             16384        18.00       3.95      868.1
TLS_AES_256_GCM_SHA384                             65536        33.70       3.11     1854.5
------------------------------------------------------------------------------------------
TLS_CHACHA20_POLY1305_SHA256                          16         7.32       2.19        2.1
TLS_CHACHA20_POLY1305_SHA256                         512         7.98       1.78       61.2
TLS_CHACHA20_POLY1305_SHA256                        1024         8.34       1.83      117.1
TLS_CHACHA20_POLY1305_SHA256                       16384        16.43       2.44      951.2
TLS_CHACHA20_POLY1305_SHA256                       65536        48.40      61.79     1291.3
------------------------------------------------------------------------------------------
TLS_AES_128_CCM_SHA256                                16        13.90       6.79        1.1
TLS_AES_128_CCM_SHA256                               512        13.21       3.31       37.0
TLS_AES_128_CCM_SHA256                              1024        14.92       5.21       65.4
TLS_AES_128_CCM_SHA256                             16384        26.19       4.20      596.5
TLS_AES_128_CCM_SHA256                             65536        64.00       3.80      976.5
------------------------------------------------------------------------------------------
TLS_AES_128_CBC_SHA256                                16        39.85      17.29        0.4
TLS_AES_128_CBC_SHA256                               512        40.00       4.14       12.2
TLS_AES_128_CBC_SHA256                              1024        42.17       5.12       23.2
TLS_AES_128_CBC_SHA256                             16384        86.73      12.85      180.1
TLS_AES_128_CBC_SHA256                             65536       223.22      12.79      280.0
------------------------------------------------------------------------------------------
TLS_ECDHE_RSA_WITH_3DES_EDE_CBC_SHA                   16        25.27       4.93        0.6
TLS_ECDHE_RSA_WITH_3DES_EDE_CBC_SHA                  512        41.81       4.56       11.7
TLS_ECDHE_RSA_WITH_3DES_EDE_CBC_SHA                 1024        58.30       5.59       16.8
TLS_ECDHE_RSA_WITH_3DES_EDE_CBC_SHA                16384       543.57      19.96       28.7
TLS_ECDHE_RSA_WITH_3DES_EDE_CBC_SHA                65536      2128.21     266.41       29.4
------------------------------------------------------------------------------------------
