Cipher Suite                                    Size (B)    Mean (µs)   Std (µs)       MB/s
------------------------------------------------------------------------------------------
TLS_AES_128_GCM_SHA256                                16         2.41       2.39        6.3
TLS_AES_128_GCM_SHA256                               512         2.62       2.63      186.4
TLS_AES_128_GCM_SHA256                              1024         2.52       0.22      388.2
TLS_AES_128_GCM_SHA256                             16384         5.60       0.45     2788.7
TLS_AES_128_GCM_SHA256                             65536        14.84       0.56     4210.7
------------------------------------------------------------------------------------------
TLS_AES_256_GCM_SHA384                                16         2.19       0.52        7.0
TLS_AES_256_GCM_SHA384                               512         2.48       0.26      196.6
TLS_AES_256_GCM_SHA384                              1024         2.58       0.44      377.9
TLS_AES_256_GCM_SHA384                             16384         6.68       0.44     2337.7
TLS_AES_256_GCM_SHA384                             65536        22.10      22.29     2827.5
------------------------------------------------------------------------------------------
TLS_CHACHA20_POLY1305_SHA256                          16         2.49       1.44        6.1
TLS_CHACHA20_POLY1305_SHA256                         512         2.75       0.68      177.6
TLS_CHACHA20_POLY1305_SHA256                        1024         2.93       0.16      333.1
TLS_CHACHA20_POLY1305_SHA256                       16384        10.10       0.43     1547.0
TLS_CHACHA20_POLY1305_SHA256                       65536        34.11       8.40     1832.3
------------------------------------------------------------------------------------------
TLS_AES_128_CCM_SHA256                                16         2.83       1.35        5.4
TLS_AES_128_CCM_SHA256                               512         3.15       0.47      154.9
TLS_AES_128_CCM_SHA256                              1024         3.51       0.52      278.3
TLS_AES_128_CCM_SHA256                             16384        14.93       2.34     1046.9
TLS_AES_128_CCM_SHA256                             65536        49.37       6.25     1265.9
------------------------------------------------------------------------------------------
TLS_AES_128_CBC_SHA256                                16        18.47      24.46        0.8
TLS_AES_128_CBC_SHA256                               512        18.05       1.01       27.1
TLS_AES_128_CBC_SHA256                              1024        19.44       0.93       50.2
TLS_AES_128_CBC_SHA256                             16384        64.32      14.75      242.9
TLS_AES_128_CBC_SHA256                             65536       201.01      39.00      310.9
------------------------------------------------------------------------------------------
TLS_ECDHE_RSA_WITH_3DES_EDE_CBC_SHA                   16        43.11     416.00        0.4
TLS_ECDHE_RSA_WITH_3DES_EDE_CBC_SHA                  512        36.55      16.30       13.4
TLS_ECDHE_RSA_WITH_3DES_EDE_CBC_SHA                 1024        49.17      16.32       19.9
TLS_ECDHE_RSA_WITH_3DES_EDE_CBC_SHA                16384       498.84      48.20       31.3
TLS_ECDHE_RSA_WITH_3DES_EDE_CBC_SHA                65536      2090.67     710.80       29.9
------------------------------------------------------------------------------------------
