Cipher Suite                                    Size (B)    Mean (µs)   Std (µs)       MB/s
------------------------------------------------------------------------------------------
TLS_AES_128_GCM_SHA256                                16        15.13      52.75        1.0
TLS_AES_128_GCM_SHA256                               512        14.09      19.28       34.7
TLS_AES_128_GCM_SHA256                              1024        12.67       2.63       77.1
TLS_AES_128_GCM_SHA256                             16384        16.59       3.07      941.9
TLS_AES_128_GCM_SHA256                             65536        31.52      21.58     1982.8
------------------------------------------------------------------------------------------
TLS_AES_256_GCM_SHA384                                16        11.36       2.13        1.3
TLS_AES_256_GCM_SHA384                               512        12.14       1.98       40.2
TLS_AES_256_GCM_SHA384                              1024        14.59      19.39       67.0
TLS_AES_256_GCM_SHA384                             16384        17.71       3.40      882.4
TLS_AES_256_GCM_SHA384                             65536        35.12      18.49     1779.5
------------------------------------------------------------------------------------------
TLS_CHACHA20_POLY1305_SHA256                          16         7.60       2.79        2.0
TLS_CHACHA20_POLY1305_SHA256                         512         8.09       1.93       60.4
TLS_CHACHA20_POLY1305_SHA256                        1024         8.49       1.71      115.0
TLS_CHACHA20_POLY1305_SHA256                       16384        17.81      15.94      877.4
TLS_CHACHA20_POLY1305_SHA256                       65536        42.14       3.47     1483.1
------------------------------------------------------------------------------------------
TLS_AES_128_CCM_SHA256                                16        13.73      18.00        1.1
TLS_AES_128_CCM_SHA256                               512        13.12       2.99       37.2
TLS_AES_128_CCM_SHA256                              1024        13.90       2.68       70.3
TLS_AES_128_CCM_SHA256                             16384        27.46      19.25      569.0
TLS_AES_128_CCM_SHA256                             65536        65.98      22.65      947.3
------------------------------------------------------------------------------------------
TLS_AES_128_CBC_SHA256                                16        40.89      24.72        0.4
TLS_AES_128_CBC_SHA256                               512        42.57      25.78       11.5
TLS_AES_128_CBC_SHA256                              1024        43.97      21.55       22.2
TLS_AES_128_CBC_SHA256                             16384        86.68      22.24      180.3
TLS_AES_128_CBC_SHA256                             65536       232.50      48.60      268.8
------------------------------------------------------------------------------------------
TLS_ECDHE_RSA_WITH_3DES_EDE_CBC_SHA                   16        25.93       6.18        0.6
TLS_ECDHE_RSA_WITH_3DES_EDE_CBC_SHA                  512        42.17      19.44       11.6
TLS_ECDHE_RSA_WITH_3DES_EDE_CBC_SHA                 1024        58.44      17.84       16.7
TLS_ECDHE_RSA_WITH_3DES_EDE_CBC_SHA                16384       546.94      70.89       28.6
TLS_ECDHE_RSA_WITH_3DES_EDE_CBC_SHA                65536      2146.34     473.14       29.1
------------------------------------------------------------------------------------------
