Cipher Suite                                    Size (B)    Mean (µs)   Std (µs)       MB/s
------------------------------------------------------------------------------------------
TLS_AES_128_GCM_SHA256                                16        15.64      51.25        1.0
TLS_AES_128_GCM_SHA256                               512        12.73       2.72       38.4
TLS_AES_128_GCM_SHA256                              1024        13.05       2.03       74.8
TLS_AES_128_GCM_SHA256                             16384        17.52       3.35      892.1
TLS_AES_128_GCM_SHA256                             65536        30.93       5.50     2020.4
------------------------------------------------------------------------------------------
TLS_AES_256_GCM_SHA384                                16        11.91       3.35        1.3
TLS_AES_256_GCM_SHA384                               512        12.87       3.47       37.9
TLS_AES_256_GCM_SHA384                              1024        12.61       1.82       77.4
TLS_AES_256_GCM_SHA384                             16384        18.16       3.61      860.5
TLS_AES_256_GCM_SHA384                             65536        34.08       4.37     1834.1
------------------------------------------------------------------------------------------
TLS_CHACHA20_POLY1305_SHA256                          16         7.62       2.82        2.0
TLS_CHACHA20_POLY1305_SHA256                         512         8.24       1.84       59.2
TLS_CHACHA20_POLY1305_SHA256                        1024         8.98       2.63      108.8
TLS_CHACHA20_POLY1305_SHA256                       16384        17.01       2.46      918.8
TLS_CHACHA20_POLY1305_SHA256                       65536        42.83       4.13     1459.1
------------------------------------------------------------------------------------------
TLS_AES_128_CCM_SHA256                                16        12.70       3.70        1.2
TLS_AES_128_CCM_SHA256                               512        13.29       1.85       36.7
TLS_AES_128_CCM_SHA256                              1024        14.30       3.40       68.3
TLS_AES_128_CCM_SHA256                             16384        26.14       2.47      597.8
TLS_AES_128_CCM_SHA256                             65536        64.42       4.23      970.2
------------------------------------------------------------------------------------------
TLS_AES_128_CBC_SHA256                                16        41.71      16.91        0.4
TLS_AES_128_CBC_SHA256                               512        43.02      14.50       11.4
TLS_AES_128_CBC_SHA256                              1024        44.78       6.83       21.8
TLS_AES_128_CBC_SHA256                             16384        90.11      16.73      173.4
TLS_AES_128_CBC_SHA256                             65536       227.18      19.93      275.1
------------------------------------------------------------------------------------------
TLS_ECDHE_RSA_WITH_3DES_EDE_CBC_SHA                   16        25.47       6.58        0.6
TLS_ECDHE_RSA_WITH_3DES_EDE_CBC_SHA                  512        40.96       3.76       11.9
TLS_ECDHE_RSA_WITH_3DES_EDE_CBC_SHA                 1024        57.74       5.93       16.9
TLS_ECDHE_RSA_WITH_3DES_EDE_CBC_SHA                16384       543.15      33.23       28.8
TLS_ECDHE_RSA_WITH_3DES_EDE_CBC_SHA                65536      3017.53    3086.83       20.7
------------------------------------------------------------------------------------------
