Cipher Suite                                    Size (B)    Mean (µs)   Std (µs)       MB/s
------------------------------------------------------------------------------------------
TLS_AES_128_GCM_SHA256                                16        14.37      47.84        1.1
TLS_AES_128_GCM_SHA256                               512        11.63       2.74       42.0
TLS_AES_128_GCM_SHA256                              1024        12.35       3.06       79.1
TLS_AES_128_GCM_SHA256                             16384        16.71       3.75      934.9
TLS_AES_128_GCM_SHA256                             65536        29.60       5.92     2111.7
------------------------------------------------------------------------------------------
TLS_AES_256_GCM_SHA384                                16        11.24       2.46        1.4
TLS_AES_256_GCM_SHA384                               512        12.14       2.96       40.2
TLS_AES_256_GCM_SHA384                              1024        12.25       2.35       79.7
TLS_AES_256_GCM_SHA384                             16384        18.78       6.41      832.1
TLS_AES_256_GCM_SHA384                             65536        33.84       5.74     1847.2
------------------------------------------------------------------------------------------
TLS_CHACHA20_POLY1305_SHA256                          16         7.44       3.19        2.1
TLS_CHACHA20_POLY1305_SHA256                         512         7.92       2.49       61.7
TLS_CHACHA20_POLY1305_SHA256                        1024         8.27       2.35      118.1
TLS_CHACHA20_POLY1305_SHA256                       16384        16.21       2.65      964.0
TLS_CHACHA20_POLY1305_SHA256                       65536        41.78       4.54     1495.8
------------------------------------------------------------------------------------------
TLS_AES_128_CCM_SHA256                                16        11.94       2.89        1.3
TLS_AES_128_CCM_SHA256                               512        13.00       3.68       37.5
TLS_AES_128_CCM_SHA256                              1024        13.12       1.85       74.5
TLS_AES_128_CCM_SHA256                             16384        25.65       4.05      609.1
TLS_AES_128_CCM_SHA256                             65536        63.27       3.87      987.8
------------------------------------------------------------------------------------------
TLS_AES_128_CBC_SHA256                                16        38.77      16.40        0.4
TLS_AES_128_CBC_SHA256                               512        39.52       4.90       12.4
TLS_AES_128_CBC_SHA256                              1024        40.93       3.67       23.9
TLS_AES_128_CBC_SHA256                             16384        84.17       6.34      185.6
TLS_AES_128_CBC_SHA256                             65536       222.97      14.57      280.3
------------------------------------------------------------------------------------------
TLS_ECDHE_RSA_WITH_3DES_EDE_CBC_SHA                   16        24.72       5.51        0.6
TLS_ECDHE_RSA_WITH_3DES_EDE_CBC_SHA                  512        40.93       4.33       11.9
TLS_ECDHE_RSA_WITH_3DES_EDE_CBC_SHA                 1024        58.65      11.07       16.7
TLS_ECDHE_RSA_WITH_3DES_EDE_CBC_SHA                16384       597.80     408.31       26.1
TLS_ECDHE_RSA_WITH_3DES_EDE_CBC_SHA                65536      2135.51     447.77       29.3
------------------------------------------------------------------------------------------
