Cipher Suite                                    Size (B)    Mean (µs)   Std (µs)       MB/s
------------------------------------------------------------------------------------------
TLS_AES_128_GCM_SHA256                                16        15.36      49.94        1.0
TLS_AES_128_GCM_SHA256                               512        12.17       2.30       40.1
TLS_AES_128_GCM_SHA256                              1024        12.74       3.01       76.7
TLS_AES_128_GCM_SHA256                             16384        16.76       2.91      932.6
TLS_AES_128_GCM_SHA256                             65536        30.36       6.72     2058.3
------------------------------------------------------------------------------------------
TLS_AES_256_GCM_SHA384                                16        11.77       3.72        1.3
TLS_AES_256_GCM_SHA384                               512        13.26       5.50       36.8
TLS_AES_256_GCM_SHA384                              1024        19.57      52.91       49.9
TLS_AES_256_GCM_SHA384                             16384        17.81       2.65      877.3
TLS_AES_256_GCM_SHA384                             65536        37.95      38.15     1647.0
------------------------------------------------------------------------------------------
TLS_CHACHA20_POLY1305_SHA256                          16        20.36      63.54        0.7
TLS_CHACHA20_POLY1305_SHA256                         512        27.21      87.37       17.9
TLS_CHACHA20_POLY1305_SHA256                        1024         8.49       1.76      115.0
TLS_CHACHA20_POLY1305_SHA256                       16384        16.84       2.38      928.1
TLS_CHACHA20_POLY1305_SHA256                       65536        42.56       4.23     1468.4
------------------------------------------------------------------------------------------
TLS_AES_128_CCM_SHA256                                16        12.56       3.81        1.2
TLS_AES_128_CCM_SHA256                               512        13.41       2.78       36.4
TLS_AES_128_CCM_SHA256                              1024        14.32       2.67       68.2
TLS_AES_128_CCM_SHA256                             16384        26.12       2.36      598.3
TLS_AES_128_CCM_SHA256                             65536        64.51       4.48      968.8
------------------------------------------------------------------------------------------
TLS_AES_128_CBC_SHA256                                16        39.78      16.64        0.4
TLS_AES_128_CBC_SHA256                               512        41.34       9.70       11.8
TLS_AES_128_CBC_SHA256                              1024        42.41       8.63       23.0
TLS_AES_128_CBC_SHA256                             16384       155.91     778.14      100.2
TLS_AES_128_CBC_SHA256                             65536       299.01      98.22      209.0
------------------------------------------------------------------------------------------
TLS_ECDHE_RSA_WITH_3DES_EDE_CBC_SHA                   16        31.57      30.79        0.5
TLS_ECDHE_RSA_WITH_3DES_EDE_CBC_SHA                  512        61.75      50.44        7.9
TLS_ECDHE_RSA_WITH_3DES_EDE_CBC_SHA                 1024        86.88     134.89       11.2
TLS_ECDHE_RSA_WITH_3DES_EDE_CBC_SHA                16384       948.31     729.84       16.5
TLS_ECDHE_RSA_WITH_3DES_EDE_CBC_SHA                65536      2227.80     284.89       28.1
------------------------------------------------------------------------------------------
