Cipher Suite                                    Size (B)    Mean (µs)   Std (µs)       MB/s
------------------------------------------------------------------------------------------
TLS_AES_128_GCM_SHA256                                16        14.81      50.84        1.0
TLS_AES_128_GCM_SHA256                               512        13.49      20.64       36.2
TLS_AES_128_GCM_SHA256                              1024        12.34       2.86       79.2
TLS_AES_128_GCM_SHA256                             16384        16.74       2.91      933.4
TLS_AES_128_GCM_SHA256                             65536        31.26      19.82     1999.5
------------------------------------------------------------------------------------------
TLS_AES_256_GCM_SHA384                                16        11.43       2.17        1.3
TLS_AES_256_GCM_SHA384                               512        12.21       2.84       40.0
TLS_AES_256_GCM_SHA384                              1024        12.66       3.10       77.1
TLS_AES_256_GCM_SHA384                             16384        17.29       1.88      903.8
TLS_AES_256_GCM_SHA384                             65536        33.62       5.47     1858.8
------------------------------------------------------------------------------------------
TLS_CHACHA20_POLY1305_SHA256                          16         7.58       2.90        2.0
TLS_CHACHA20_POLY1305_SHA256                         512         7.92       1.76       61.7
TLS_CHACHA20_POLY1305_SHA256                        1024         8.54       1.57      114.4
TLS_CHACHA20_POLY1305_SHA256                       16384        16.83       2.74      928.3
TLS_CHACHA20_POLY1305_SHA256                       65536        46.27      27.72     1350.7
------------------------------------------------------------------------------------------
TLS_AES_128_CCM_SHA256                                16        27.51      70.35        0.6
TLS_AES_128_CCM_SHA256                               512        14.13       4.90       34.6
TLS_AES_128_CCM_SHA256                              1024        16.16      22.31       60.4
TLS_AES_128_CCM_SHA256                             16384        26.10       3.35      598.6
TLS_AES_128_CCM_SHA256                             65536        66.94      28.35      933.7
------------------------------------------------------------------------------------------
TLS_AES_128_CBC_SHA256                                16        39.24      17.74        0.4
TLS_AES_128_CBC_SHA256                               512        42.28      19.85       11.5
TLS_AES_128_CBC_SHA256                              1024        49.49      67.93       19.7
TLS_AES_128_CBC_SHA256                             16384        87.93      28.66      177.7
TLS_AES_128_CBC_SHA256                             65536       231.27      54.41      270.3
------------------------------------------------------------------------------------------
TLS_ECDHE_RSA_WITH_3DES_EDE_CBC_SHA                   16        26.73      23.33        0.6
TLS_ECDHE_RSA_WITH_3DES_EDE_CBC_SHA                  512        43.83      22.38       11.1
TLS_ECDHE_RSA_WITH_3DES_EDE_CBC_SHA                 1024        63.97      45.76       15.3
TLS_ECDHE_RSA_WITH_3DES_EDE_CBC_SHA                16384       563.63     102.64       27.7
TLS_ECDHE_RSA_WITH_3DES_EDE_CBC_SHA                65536      2122.81      65.12       29.4
------------------------------------------------------------------------------------------
