Cipher Suite                                    Size (B)    Mean (µs)   Std (µs)       MB/s
------------------------------------------------------------------------------------------
TLS_AES_128_GCM_SHA256                                16        15.16      52.47        1.0
TLS_AES_128_GCM_SHA256                               512        12.00       2.41       40.7
TLS_AES_128_GCM_SHA256                              1024        12.32       2.19       79.2
TLS_AES_128_GCM_SHA256                             16384        16.81       3.63      929.7
TLS_AES_128_GCM_SHA256                             65536        30.36       8.64     2058.7
------------------------------------------------------------------------------------------
TLS_AES_256_GCM_SHA384                                16        11.47       2.79        1.3
TLS_AES_256_GCM_SHA384                               512        12.07       2.06       40.5
TLS_AES_256_GCM_SHA384                              1024        20.41      94.65       47.8
TLS_AES_256_GCM_SHA384                             16384        62.74     607.87      249.0
TLS_AES_256_GCM_SHA384                             65536        36.67      20.56     1704.3
------------------------------------------------------------------------------------------
TLS_CHACHA20_POLY1305_SHA256                          16         7.71       3.78        2.0
TLS_CHACHA20_POLY1305_SHA256                         512         7.91       2.01       61.7
TLS_CHACHA20_POLY1305_SHA256                        1024         8.51       1.78      114.8
TLS_CHACHA20_POLY1305_SHA256                       16384        18.06      17.02      865.3
TLS_CHACHA20_POLY1305_SHA256                       65536        45.99      24.16     1359.1
------------------------------------------------------------------------------------------
TLS_AES_128_CCM_SHA256                                16        15.73      24.00        1.0
TLS_AES_128_CCM_SHA256                               512        13.62       4.01       35.8
TLS_AES_128_CCM_SHA256                              1024        13.50       1.66       72.3
TLS_AES_128_CCM_SHA256                             16384        38.00      75.80      411.2
TLS_AES_128_CCM_SHA256                             65536       103.08     259.12      606.4
------------------------------------------------------------------------------------------
TLS_AES_128_CBC_SHA256                                16        51.26      42.99        0.3
TLS_AES_128_CBC_SHA256                               512        56.10      49.03        8.7
TLS_AES_128_CBC_SHA256                              1024        56.64      46.64       17.2
TLS_AES_128_CBC_SHA256                             16384        93.78      37.16      166.6
TLS_AES_128_CBC_SHA256                             65536       279.32     112.02      223.8
------------------------------------------------------------------------------------------
TLS_ECDHE_RSA_WITH_3DES_EDE_CBC_SHA                   16        32.68      36.62        0.5
TLS_ECDHE_RSA_WITH_3DES_EDE_CBC_SHA                  512        51.51      38.33        9.5
TLS_ECDHE_RSA_WITH_3DES_EDE_CBC_SHA                 1024        71.11      43.30       13.7
TLS_ECDHE_RSA_WITH_3DES_EDE_CBC_SHA                16384       655.77     104.82       23.8
TLS_ECDHE_RSA_WITH_3DES_EDE_CBC_SHA                65536      2568.62     553.23       24.3
------------------------------------------------------------------------------------------
