Cipher Suite                                    Size (B)    Mean (µs)   Std (µs)       MB/s
------------------------------------------------------------------------------------------
TLS_AES_128_GCM_SHA256                                16        17.09      53.76        0.9
TLS_AES_128_GCM_SHA256                               512        12.46       3.94       39.2
TLS_AES_128_GCM_SHA256                              1024        12.59       3.60       77.5
TLS_AES_128_GCM_SHA256                             16384        17.07       4.49      915.2
TLS_AES_128_GCM_SHA256                             65536        29.97       6.99     2085.6
------------------------------------------------------------------------------------------
TLS_AES_256_GCM_SHA384                                16        11.72       2.93        1.3
TLS_AES_256_GCM_SHA384                               512        13.94      25.29       35.0
TLS_AES_256_GCM_SHA384                              1024        12.39       1.88       78.8
TLS_AES_256_GCM_SHA384                             16384        17.79       4.29      878.2
TLS_AES_256_GCM_SHA384                             65536        35.31      21.02     1770.1
------------------------------------------------------------------------------------------
TLS_CHACHA20_POLY1305_SHA256                          16         7.70       2.83        2.0
TLS_CHACHA20_POLY1305_SHA256                         512         8.12       1.90       60.1
TLS_CHACHA20_POLY1305_SHA256                        1024        10.03      18.30       97.3
TLS_CHACHA20_POLY1305_SHA256                       16384        16.68       1.82      936.6
TLS_CHACHA20_POLY1305_SHA256                       65536        44.35      18.21     1409.1
------------------------------------------------------------------------------------------
TLS_AES_128_CCM_SHA256                                16        12.35       3.10        1.2
TLS_AES_128_CCM_SHA256                               512        13.41       3.93       36.4
TLS_AES_128_CCM_SHA256                              1024        15.43      24.04       63.3
TLS_AES_128_CCM_SHA256                             16384        25.79       4.01      605.8
TLS_AES_128_CCM_SHA256                             65536        65.88      19.98      948.7
------------------------------------------------------------------------------------------
TLS_AES_128_CBC_SHA256                                16        41.78      28.29        0.4
TLS_AES_128_CBC_SHA256                               512        40.22       5.03       12.1
TLS_AES_128_CBC_SHA256                              1024        43.70      20.56       22.3
TLS_AES_128_CBC_SHA256                             16384        88.70      31.33      176.1
TLS_AES_128_CBC_SHA256                             65536       229.91      44.01      271.9
------------------------------------------------------------------------------------------
TLS_ECDHE_RSA_WITH_3DES_EDE_CBC_SHA                   16        26.65      21.38        0.6
TLS_ECDHE_RSA_WITH_3DES_EDE_CBC_SHA                  512        41.30       4.65       11.8
TLS_ECDHE_RSA_WITH_3DES_EDE_CBC_SHA                 1024        59.96      30.96       16.3
TLS_ECDHE_RSA_WITH_3DES_EDE_CBC_SHA                16384       552.15      72.97       28.3
TLS_ECDHE_RSA_WITH_3DES_EDE_CBC_SHA                65536      2174.38     451.27       28.7
------------------------------------------------------------------------------------------
