Cipher Suite                                    Size (B)    Mean (µs)   Std (µs)       MB/s
------------------------------------------------------------------------------------------
TLS_AES_128_GCM_SHA256                                16        14.76      48.24        1.0
TLS_AES_128_GCM_SHA256                               512        15.17      38.39       32.2
TLS_AES_128_GCM_SHA256                              1024        12.14       2.20       80.4
TLS_AES_128_GCM_SHA256                             16384        16.97       3.99      920.8
TLS_AES_128_GCM_SHA256                             65536        84.19     756.44      742.3
------------------------------------------------------------------------------------------
TLS_AES_256_GCM_SHA384                                16        11.07       2.29        1.4
TLS_AES_256_GCM_SHA384                               512        11.94       1.91       40.9
TLS_AES_256_GCM_SHA384                              1024        13.99      21.26       69.8
TLS_AES_256_GCM_SHA384                             16384        17.38       1.83      899.1
TLS_AES_256_GCM_SHA384                             65536        35.30      20.17     1770.7
------------------------------------------------------------------------------------------
TLS_CHACHA20_POLY1305_SHA256                          16         7.27       2.82        2.1
TLS_CHACHA20_POLY1305_SHA256                         512         7.69       1.86       63.5
TLS_CHACHA20_POLY1305_SHA256                        1024         8.00       1.80      122.0
TLS_CHACHA20_POLY1305_SHA256                       16384        17.55      16.74      890.4
TLS_CHACHA20_POLY1305_SHA256                       65536        41.91       4.31     1491.2
------------------------------------------------------------------------------------------
TLS_AES_128_CCM_SHA256                                16        13.88      21.49        1.1
TLS_AES_128_CCM_SHA256                               512        13.08       2.40       37.3
TLS_AES_128_CCM_SHA256                              1024        13.58       3.16       71.9
TLS_AES_128_CCM_SHA256                             16384        27.29      18.81      572.6
TLS_AES_128_CCM_SHA256                             65536        66.00      22.39      947.0
------------------------------------------------------------------------------------------
TLS_AES_128_CBC_SHA256                                16        40.12      25.16        0.4
TLS_AES_128_CBC_SHA256                               512        40.80      19.56       12.0
TLS_AES_128_CBC_SHA256                              1024        42.50      22.03       23.0
TLS_AES_128_CBC_SHA256                             16384        86.35      20.42      181.0
TLS_AES_128_CBC_SHA256                             65536       233.33      55.57      267.9
------------------------------------------------------------------------------------------
TLS_ECDHE_RSA_WITH_3DES_EDE_CBC_SHA                   16        24.70       4.66        0.6
TLS_ECDHE_RSA_WITH_3DES_EDE_CBC_SHA                  512        71.59      97.85        6.8
TLS_ECDHE_RSA_WITH_3DES_EDE_CBC_SHA                 1024        58.85      26.66       16.6
TLS_ECDHE_RSA_WITH_3DES_EDE_CBC_SHA                16384       582.52     485.42       26.8
TLS_ECDHE_RSA_WITH_3DES_EDE_CBC_SHA                65536      2123.25     760.09       29.4
------------------------------------------------------------------------------------------
