Cipher Suite                                    Size (B)    Mean (µs)   Std (µs)       MB/s
------------------------------------------------------------------------------------------
TLS_AES_128_GCM_SHA256                                16        15.41      52.29        1.0
TLS_AES_128_GCM_SHA256                               512        12.46       4.23       39.2
TLS_AES_128_GCM_SHA256                              1024        17.13      39.21       57.0
TLS_AES_128_GCM_SHA256                             16384        17.16       3.35      910.7
TLS_AES_128_GCM_SHA256                             65536        31.52      21.19     1982.9
------------------------------------------------------------------------------------------
TLS_AES_256_GCM_SHA384                                16        11.74       2.24        1.3
TLS_AES_256_GCM_SHA384                               512        12.23       1.88       39.9
TLS_AES_256_GCM_SHA384                              1024        14.95      26.49       65.3
TLS_AES_256_GCM_SHA384                             16384        18.06       2.41      865.1
TLS_AES_256_GCM_SHA384                             65536        34.57      19.82     1808.1
------------------------------------------------------------------------------------------
TLS_CHACHA20_POLY1305_SHA256                          16         7.36       2.44        2.1
TLS_CHACHA20_POLY1305_SHA256                         512         7.94       1.84       61.5
TLS_CHACHA20_POLY1305_SHA256                        1024         8.37       1.63      116.6
TLS_CHACHA20_POLY1305_SHA256                       16384        18.34      20.32      852.0
TLS_CHACHA20_POLY1305_SHA256                       65536        42.42       6.82     1473.5
------------------------------------------------------------------------------------------
TLS_AES_128_CCM_SHA256                                16        14.37      19.71        1.1
TLS_AES_128_CCM_SHA256                               512        13.48       1.92       36.2
TLS_AES_128_CCM_SHA256                              1024        14.26       2.30       68.5
TLS_AES_128_CCM_SHA256                             16384        28.22      20.46      553.7
TLS_AES_128_CCM_SHA256                             65536        67.67      33.93      923.7
------------------------------------------------------------------------------------------
TLS_AES_128_CBC_SHA256                                16        40.86      26.80        0.4
TLS_AES_128_CBC_SHA256                               512        41.80      26.22       11.7
TLS_AES_128_CBC_SHA256                              1024        44.43      22.44       22.0
TLS_AES_128_CBC_SHA256                             16384        89.21      48.81      175.2
TLS_AES_128_CBC_SHA256                             65536       241.03     140.67      259.3
------------------------------------------------------------------------------------------
TLS_ECDHE_RSA_WITH_3DES_EDE_CBC_SHA                   16        27.41      23.34        0.6
TLS_ECDHE_RSA_WITH_3DES_EDE_CBC_SHA                  512        41.09       3.75       11.9
TLS_ECDHE_RSA_WITH_3DES_EDE_CBC_SHA                 1024        60.93      26.57       16.0
TLS_ECDHE_RSA_WITH_3DES_EDE_CBC_SHA                16384       570.09     124.47       27.4
TLS_ECDHE_RSA_WITH_3DES_EDE_CBC_SHA                65536      2207.55     808.44       28.3
------------------------------------------------------------------------------------------
