Cipher Suite                                    Size (B)    Mean (µs)   Std (µs)       MB/s
------------------------------------------------------------------------------------------
TLS_AES_128_GCM_SHA256                                16        15.17      52.32        1.0
TLS_AES_128_GCM_SHA256                               512        12.06       2.51       40.5
TLS_AES_128_GCM_SHA256                              1024        12.17       1.96       80.3
TLS_AES_128_GCM_SHA256                             16384        19.28      31.57      810.3
TLS_AES_128_GCM_SHA256                             65536        29.77       5.81     2099.4
------------------------------------------------------------------------------------------
TLS_AES_256_GCM_SHA384                                16        13.44      23.60        1.1
TLS_AES_256_GCM_SHA384                               512        11.87       1.95       41.1
TLS_AES_256_GCM_SHA384                              1024        12.46       2.00       78.4
TLS_AES_256_GCM_SHA384                             16384        19.78      21.26      790.0
TLS_AES_256_GCM_SHA384                             65536        33.42       3.76     1870.1
------------------------------------------------------------------------------------------
TLS_CHACHA20_POLY1305_SHA256                          16         7.70       2.79        2.0
TLS_CHACHA20_POLY1305_SHA256                         512         9.92      22.43       49.2
TLS_CHACHA20_POLY1305_SHA256                        1024         8.65       1.82      112.8
TLS_CHACHA20_POLY1305_SHA256                       16384        16.66       2.53      937.8
TLS_CHACHA20_POLY1305_SHA256                       65536        44.29      21.59     1411.2
------------------------------------------------------------------------------------------
TLS_AES_128_CCM_SHA256                                16        12.61       4.06        1.2
TLS_AES_128_CCM_SHA256                               512        14.69      21.26       33.2
TLS_AES_128_CCM_SHA256                              1024        13.94       2.56       70.1
TLS_AES_128_CCM_SHA256                             16384        25.89       2.45      603.5
TLS_AES_128_CCM_SHA256                             65536        67.54      30.45      925.4
------------------------------------------------------------------------------------------
TLS_AES_128_CBC_SHA256                                16        41.14      26.92        0.4
TLS_AES_128_CBC_SHA256                               512        40.04       5.96       12.2
TLS_AES_128_CBC_SHA256                              1024        44.22      34.22       22.1
TLS_AES_128_CBC_SHA256                             16384       113.05      96.42      138.2
TLS_AES_128_CBC_SHA256                             65536       224.41      13.85      278.5
------------------------------------------------------------------------------------------
TLS_ECDHE_RSA_WITH_3DES_EDE_CBC_SHA                   16        24.93       5.03        0.6
TLS_ECDHE_RSA_WITH_3DES_EDE_CBC_SHA                  512        40.87       4.57       11.9
TLS_ECDHE_RSA_WITH_3DES_EDE_CBC_SHA                 1024        57.00       5.12       17.1
TLS_ECDHE_RSA_WITH_3DES_EDE_CBC_SHA                16384       569.90     398.04       27.4
TLS_ECDHE_RSA_WITH_3DES_EDE_CBC_SHA                65536      2119.42     194.75       29.5
------------------------------------------------------------------------------------------
