Cipher Suite                                    Size (B)    Mean (µs)   Std (µs)       MB/s
------------------------------------------------------------------------------------------
TLS_AES_128_GCM_SHA256                                16        14.90      50.35        1.0
TLS_AES_128_GCM_SHA256                               512        13.84      26.61       35.3
TLS_AES_128_GCM_SHA256                              1024        12.32       2.48       79.3
TLS_AES_128_GCM_SHA256                             16384        16.35       3.14      955.6
TLS_AES_128_GCM_SHA256                             65536        31.12      20.18     2008.1
------------------------------------------------------------------------------------------
TLS_AES_256_GCM_SHA384                                16        11.85       4.28        1.3
TLS_AES_256_GCM_SHA384                               512        12.20       1.94       40.0
TLS_AES_256_GCM_SHA384                              1024        14.36      25.67       68.0
TLS_AES_256_GCM_SHA384                             16384        17.77       2.82      879.4
TLS_AES_256_GCM_SHA384                             65536        35.53      20.86     1758.9
------------------------------------------------------------------------------------------
TLS_CHACHA20_POLY1305_SHA256                          16         7.39       3.02        2.1
TLS_CHACHA20_POLY1305_SHA256                         512         8.15       1.89       59.9
TLS_CHACHA20_POLY1305_SHA256                        1024         8.63       1.83      113.1
TLS_CHACHA20_POLY1305_SHA256                       16384        18.47      17.84      846.1
TLS_CHACHA20_POLY1305_SHA256                       65536        45.06      19.29     1387.0
------------------------------------------------------------------------------------------
TLS_AES_128_CCM_SHA256                                16        12.58       3.39        1.2
TLS_AES_128_CCM_SHA256                               512        14.25       4.12       34.3
TLS_AES_128_CCM_SHA256                              1024        14.11       2.69       69.2
TLS_AES_128_CCM_SHA256                             16384        26.34       3.86      593.3
TLS_AES_128_CCM_SHA256                             65536       117.75     756.72      530.8
------------------------------------------------------------------------------------------
TLS_AES_128_CBC_SHA256                                16        40.03      24.78        0.4
TLS_AES_128_CBC_SHA256                               512        41.27      21.07       11.8
TLS_AES_128_CBC_SHA256                              1024        42.76      19.11       22.8
TLS_AES_128_CBC_SHA256                             16384        85.67      17.56      182.4
TLS_AES_128_CBC_SHA256                             65536       227.96      35.58      274.2
------------------------------------------------------------------------------------------
TLS_ECDHE_RSA_WITH_3DES_EDE_CBC_SHA                   16        24.85       4.79        0.6
TLS_ECDHE_RSA_WITH_3DES_EDE_CBC_SHA                  512        49.71      64.36        9.8
TLS_ECDHE_RSA_WITH_3DES_EDE_CBC_SHA                 1024        60.67      33.49       16.1
TLS_ECDHE_RSA_WITH_3DES_EDE_CBC_SHA                16384       576.11     498.51       27.1
TLS_ECDHE_RSA_WITH_3DES_EDE_CBC_SHA                65536      2095.37     256.06       29.8
------------------------------------------------------------------------------------------
