Cipher Suite                                    Size (B)    Mean (µs)   Std (µs)       MB/s
------------------------------------------------------------------------------------------
TLS_AES_128_GCM_SHA256                                16         2.44       2.51        6.3
TLS_AES_128_GCM_SHA256                               512         2.38       0.48      205.3
TLS_AES_128_GCM_SHA256                              1024         2.66       1.12      367.3
TLS_AES_128_GCM_SHA256                             16384         5.69       0.75     2746.5
TLS_AES_128_GCM_SHA256                             65536        14.74       0.46     4239.9
------------------------------------------------------------------------------------------
TLS_AES_256_GCM_SHA384                                16         2.12       0.17        7.2
TLS_AES_256_GCM_SHA384                               512         2.44       0.25      200.0
TLS_AES_256_GCM_SHA384                              1024         2.54       0.53      384.0
TLS_AES_256_GCM_SHA384                             16384         6.71       0.22     2327.1
TLS_AES_256_GCM_SHA384                             65536        20.53       7.59     3044.1
------------------------------------------------------------------------------------------
TLS_CHACHA20_POLY1305_SHA256                          16         2.47       1.29        6.2
TLS_CHACHA20_POLY1305_SHA256                         512         2.64       0.54      185.3
TLS_CHACHA20_POLY1305_SHA256                        1024         2.95       0.57      331.0
TLS_CHACHA20_POLY1305_SHA256                       16384        10.15       0.44     1539.3
TLS_CHACHA20_POLY1305_SHA256                       65536        32.20       0.62     1940.8
------------------------------------------------------------------------------------------
TLS_AES_128_CCM_SHA256                                16         3.04       1.07        5.0
TLS_AES_128_CCM_SHA256                               512         3.35       0.22      145.9
TLS_AES_128_CCM_SHA256                              1024         4.99       4.45      195.8
TLS_AES_128_CCM_SHA256                             16384        15.01       0.54     1040.7
TLS_AES_128_CCM_SHA256                             65536        49.79       0.81     1255.2
------------------------------------------------------------------------------------------
TLS_AES_128_CBC_SHA256                                16        19.95      24.25        0.8
TLS_AES_128_CBC_SHA256                               512        18.43       1.02       26.5
TLS_AES_128_CBC_SHA256                              1024        19.86       0.91       49.2
TLS_AES_128_CBC_SHA256                             16384        92.32      92.43      169.2
TLS_AES_128_CBC_SHA256                             65536       207.84      43.01      300.7
------------------------------------------------------------------------------------------
TLS_ECDHE_RSA_WITH_3DES_EDE_CBC_SHA                   16        47.67     403.64        0.3
TLS_ECDHE_RSA_WITH_3DES_EDE_CBC_SHA                  512        28.17       1.07       17.3
TLS_ECDHE_RSA_WITH_3DES_EDE_CBC_SHA                 1024        48.38      20.01       20.2
TLS_ECDHE_RSA_WITH_3DES_EDE_CBC_SHA                16384       509.26      58.46       30.7
TLS_ECDHE_RSA_WITH_3DES_EDE_CBC_SHA                65536      1959.33     143.75       31.9
------------------------------------------------------------------------------------------
