Cipher Suite                                    Size (B)    Mean (µs)   Std (µs)       MB/s
------------------------------------------------------------------------------------------
TLS_AES_128_GCM_SHA256                                16        17.89      54.41        0.9
TLS_AES_128_GCM_SHA256                               512        14.84      19.81       32.9
TLS_AES_128_GCM_SHA256                              1024        15.66      22.48       62.4
TLS_AES_128_GCM_SHA256                             16384        21.58      27.68      724.2
TLS_AES_128_GCM_SHA256                             65536        36.96      34.88     1691.0
------------------------------------------------------------------------------------------
TLS_AES_256_GCM_SHA384                                16        14.32      21.04        1.1
TLS_AES_256_GCM_SHA384                               512        15.05      20.21       32.4
TLS_AES_256_GCM_SHA384                              1024        15.51      20.68       63.0
TLS_AES_256_GCM_SHA384                             16384        22.47      26.24      695.4
TLS_AES_256_GCM_SHA384                             65536        43.40      37.01     1440.2
------------------------------------------------------------------------------------------
TLS_CHACHA20_POLY1305_SHA256                          16         9.78      19.84        1.6
TLS_CHACHA20_POLY1305_SHA256                         512         9.86      16.91       49.5
TLS_CHACHA20_POLY1305_SHA256                        1024        11.92      23.80       81.9
TLS_CHACHA20_POLY1305_SHA256                       16384        20.45      23.51      764.0
TLS_CHACHA20_POLY1305_SHA256                       65536        52.02      35.48     1201.5
------------------------------------------------------------------------------------------
TLS_AES_128_CCM_SHA256                                16        16.49      28.30        0.9
TLS_AES_128_CCM_SHA256                               512        15.23      16.60       32.1
TLS_AES_128_CCM_SHA256                              1024        15.68      20.45       62.3
TLS_AES_128_CCM_SHA256                             16384        60.14     255.15      259.8
TLS_AES_128_CCM_SHA256                             65536       128.81     243.00      485.2
------------------------------------------------------------------------------------------
TLS_AES_128_CBC_SHA256                                16        55.12      76.21        0.3
TLS_AES_128_CBC_SHA256                               512        62.32      87.88        7.8
TLS_AES_128_CBC_SHA256                              1024        54.75      37.66       17.8
TLS_AES_128_CBC_SHA256                             16384       118.06     150.89      132.3
TLS_AES_128_CBC_SHA256                             65536       341.22     294.58      183.2
------------------------------------------------------------------------------------------
TLS_ECDHE_RSA_WITH_3DES_EDE_CBC_SHA                   16        34.32      33.54        0.4
TLS_ECDHE_RSA_WITH_3DES_EDE_CBC_SHA                  512        49.47      35.36        9.9
TLS_ECDHE_RSA_WITH_3DES_EDE_CBC_SHA                 1024        61.26      15.42       15.9
TLS_ECDHE_RSA_WITH_3DES_EDE_CBC_SHA                16384       645.83     386.18       24.2
TLS_ECDHE_RSA_WITH_3DES_EDE_CBC_SHA                65536      2024.43      30.91       30.9
------------------------------------------------------------------------------------------
