Cipher Suite                                    Size (B)    Mean (µs)   Std (µs)       MB/s
------------------------------------------------------------------------------------------
TLS_AES_128_GCM_SHA256                                16        15.30      50.82        1.0
TLS_AES_128_GCM_SHA256                               512        12.59       3.14       38.8
TLS_AES_128_GCM_SHA256                              1024        13.08       3.90       74.6
TLS_AES_128_GCM_SHA256                             16384        18.75      19.67      833.3
TLS_AES_128_GCM_SHA256                             65536        30.85       6.63     2025.9
------------------------------------------------------------------------------------------
TLS_AES_256_GCM_SHA384                                16        14.30      19.87        1.1
TLS_AES_256_GCM_SHA384                               512        14.25       8.73       34.3
TLS_AES_256_GCM_SHA384                              1024        12.99       3.16       75.2
TLS_AES_256_GCM_SHA384                             16384        18.42       6.07      848.2
TLS_AES_256_GCM_SHA384                             65536        34.58       5.39     1807.3
------------------------------------------------------------------------------------------
TLS_CHACHA20_POLY1305_SHA256                          16         7.86       3.98        1.9
TLS_CHACHA20_POLY1305_SHA256                         512         8.10       2.88       60.3
TLS_CHACHA20_POLY1305_SHA256                        1024         8.83       3.71      110.5
TLS_CHACHA20_POLY1305_SHA256                       16384        16.75       3.15      933.0
TLS_CHACHA20_POLY1305_SHA256                       65536        43.27       6.58     1444.4
------------------------------------------------------------------------------------------
TLS_AES_128_CCM_SHA256                                16        12.60       3.86        1.2
TLS_AES_128_CCM_SHA256                               512        13.41       3.50       36.4
TLS_AES_128_CCM_SHA256                              1024        14.02       3.16       69.7
TLS_AES_128_CCM_SHA256                             16384        30.12      43.97      518.8
TLS_AES_128_CCM_SHA256                             65536        69.35      46.52      901.2
------------------------------------------------------------------------------------------
TLS_AES_128_CBC_SHA256                                16        41.96      25.77        0.4
TLS_AES_128_CBC_SHA256                               512        42.35      18.36       11.5
TLS_AES_128_CBC_SHA256                              1024        45.93      31.87       21.3
TLS_AES_128_CBC_SHA256                             16384        87.56      10.69      178.4
TLS_AES_128_CBC_SHA256                             65536       237.98      78.45      262.6
------------------------------------------------------------------------------------------
TLS_ECDHE_RSA_WITH_3DES_EDE_CBC_SHA                   16        25.92       9.26        0.6
TLS_ECDHE_RSA_WITH_3DES_EDE_CBC_SHA                  512        46.09      56.96       10.6
TLS_ECDHE_RSA_WITH_3DES_EDE_CBC_SHA                 1024        60.47      26.20       16.1
TLS_ECDHE_RSA_WITH_3DES_EDE_CBC_SHA                16384       547.85      49.38       28.5
TLS_ECDHE_RSA_WITH_3DES_EDE_CBC_SHA                65536      2203.71     620.14       28.4
------------------------------------------------------------------------------------------
