Cipher Suite                                    Size (B)    Mean (µs)   Std (µs)       MB/s
------------------------------------------------------------------------------------------
TLS_AES_128_GCM_SHA256                                16        20.88      89.50        0.7
TLS_AES_128_GCM_SHA256                               512        17.65      30.71       27.7
TLS_AES_128_GCM_SHA256                              1024        15.17      21.94       64.4
TLS_AES_128_GCM_SHA256                             16384        25.12      36.42      622.1
TLS_AES_128_GCM_SHA256                             65536        39.71      34.95     1573.8
------------------------------------------------------------------------------------------
TLS_AES_256_GCM_SHA384                                16        13.16      13.50        1.2
TLS_AES_256_GCM_SHA384                               512        13.07       5.30       37.4
TLS_AES_256_GCM_SHA384                              1024        16.23      24.39       60.2
TLS_AES_256_GCM_SHA384                             16384        27.06      40.97      577.3
TLS_AES_256_GCM_SHA384                             65536        46.58      41.93     1341.7
------------------------------------------------------------------------------------------
TLS_CHACHA20_POLY1305_SHA256                          16         7.74       3.07        2.0
TLS_CHACHA20_POLY1305_SHA256                         512         8.08       1.97       60.4
TLS_CHACHA20_POLY1305_SHA256                        1024        10.82      19.63       90.3
TLS_CHACHA20_POLY1305_SHA256                       16384        23.18      37.23      674.2
TLS_CHACHA20_POLY1305_SHA256                       65536        68.39     113.01      913.9
------------------------------------------------------------------------------------------
TLS_AES_128_CCM_SHA256                                16        16.91      23.83        0.9
TLS_AES_128_CCM_SHA256                               512        14.50       6.11       33.7
TLS_AES_128_CCM_SHA256                              1024        16.86      17.57       57.9
TLS_AES_128_CCM_SHA256                             16384        33.22      38.52      470.4
TLS_AES_128_CCM_SHA256                             65536        88.25      59.45      708.2
------------------------------------------------------------------------------------------
TLS_AES_128_CBC_SHA256                                16        54.78      53.98        0.3
TLS_AES_128_CBC_SHA256                               512        54.28      47.91        9.0
TLS_AES_128_CBC_SHA256                              1024        46.45      21.13       21.0
TLS_AES_128_CBC_SHA256                             16384        91.95      28.87      169.9
TLS_AES_128_CBC_SHA256                             65536       258.17      67.97      242.1
------------------------------------------------------------------------------------------
TLS_ECDHE_RSA_WITH_3DES_EDE_CBC_SHA                   16        31.04      29.52        0.5
TLS_ECDHE_RSA_WITH_3DES_EDE_CBC_SHA                  512        46.31      30.65       10.5
TLS_ECDHE_RSA_WITH_3DES_EDE_CBC_SHA                 1024        61.45      24.37       15.9
TLS_ECDHE_RSA_WITH_3DES_EDE_CBC_SHA                16384       667.51     261.00       23.4
TLS_ECDHE_RSA_WITH_3DES_EDE_CBC_SHA                65536      2250.35     419.55       27.8
------------------------------------------------------------------------------------------
