Cipher Suite                                    Size (B)    Mean (µs)   Std (µs)       MB/s
------------------------------------------------------------------------------------------
TLS_AES_128_GCM_SHA256                                16        14.83      50.22        1.0
TLS_AES_128_GCM_SHA256                               512        11.82       2.42       41.3
TLS_AES_128_GCM_SHA256                              1024        14.07      20.94       69.4
TLS_AES_128_GCM_SHA256                             16384        16.78       3.32      931.0
TLS_AES_128_GCM_SHA256                             65536        31.68      23.06     1972.7
------------------------------------------------------------------------------------------
TLS_AES_256_GCM_SHA384                                16        11.46       3.44        1.3
TLS_AES_256_GCM_SHA384                               512        12.13       2.10       40.3
TLS_AES_256_GCM_SHA384                              1024        12.57       3.57       77.7
TLS_AES_256_GCM_SHA384                             16384        17.97       3.95      869.5
TLS_AES_256_GCM_SHA384                             65536        33.63       4.81     1858.2
------------------------------------------------------------------------------------------
TLS_CHACHA20_POLY1305_SHA256                          16         8.93      23.27        1.7
TLS_CHACHA20_POLY1305_SHA256                         512         7.75       1.76       63.0
TLS_CHACHA20_POLY1305_SHA256                        1024         8.10       1.55      120.5
TLS_CHACHA20_POLY1305_SHA256                       16384        16.41       3.64      952.4
TLS_CHACHA20_POLY1305_SHA256                       65536        44.01      25.06     1420.3
------------------------------------------------------------------------------------------
TLS_AES_128_CCM_SHA256                                16        11.98       2.92        1.3
TLS_AES_128_CCM_SHA256                               512        14.14      19.45       34.5
TLS_AES_128_CCM_SHA256                              1024        13.69       2.33       71.3
TLS_AES_128_CCM_SHA256                             16384        27.29      21.37      572.5
TLS_AES_128_CCM_SHA256                             65536        65.23      18.94      958.1
------------------------------------------------------------------------------------------
TLS_AES_128_CBC_SHA256                                16        40.95      27.05        0.4
TLS_AES_128_CBC_SHA256                               512        39.99       4.13       12.2
TLS_AES_128_CBC_SHA256                              1024        43.21      19.62       22.6
TLS_AES_128_CBC_SHA256                             16384       203.81    1227.65       76.7
TLS_AES_128_CBC_SHA256                             65536       227.09      26.03      275.2
------------------------------------------------------------------------------------------
TLS_ECDHE_RSA_WITH_3DES_EDE_CBC_SHA                   16        25.55       5.46        0.6
TLS_ECDHE_RSA_WITH_3DES_EDE_CBC_SHA                  512        41.16       4.67       11.9
TLS_ECDHE_RSA_WITH_3DES_EDE_CBC_SHA                 1024        57.37       5.07       17.0
TLS_ECDHE_RSA_WITH_3DES_EDE_CBC_SHA                16384       606.11     577.02       25.8
TLS_ECDHE_RSA_WITH_3DES_EDE_CBC_SHA                65536      2122.05     291.14       29.5
------------------------------------------------------------------------------------------
