Cipher Suite                                    Size (B)    Mean (µs)   Std (µs)       MB/s
------------------------------------------------------------------------------------------
TLS_AES_128_GCM_SHA256                                16        15.10      48.58        1.0
TLS_AES_128_GCM_SHA256                               512        12.27       2.49       39.8
TLS_AES_128_GCM_SHA256                              1024        12.55       2.05       77.8
TLS_AES_128_GCM_SHA256                             16384        18.36      17.35      851.2
TLS_AES_128_GCM_SHA256                             65536        42.26      39.81     1479.0
------------------------------------------------------------------------------------------
TLS_AES_256_GCM_SHA384                                16        14.32      20.93        1.1
TLS_AES_256_GCM_SHA384                               512        14.87      20.35       32.8
TLS_AES_256_GCM_SHA384                              1024        15.45      20.37       63.2
TLS_AES_256_GCM_SHA384                             16384        22.48      27.39      695.2
TLS_AES_256_GCM_SHA384                             65536        50.39     108.63     1240.2
------------------------------------------------------------------------------------------
TLS_CHACHA20_POLY1305_SHA256                          16         7.86       3.40        1.9
TLS_CHACHA20_POLY1305_SHA256                         512        10.35      18.95       47.2
TLS_CHACHA20_POLY1305_SHA256                        1024         9.74      12.93      100.2
TLS_CHACHA20_POLY1305_SHA256                       16384        22.37      26.13      698.6
TLS_CHACHA20_POLY1305_SHA256                       65536        58.29      48.92     1072.3
------------------------------------------------------------------------------------------
TLS_AES_128_CCM_SHA256                                16        16.05      24.98        1.0
TLS_AES_128_CCM_SHA256                               512        16.71      21.96       29.2
TLS_AES_128_CCM_SHA256                              1024        17.83      24.13       54.8
TLS_AES_128_CCM_SHA256                             16384        35.10      33.39      445.1
TLS_AES_128_CCM_SHA256                             65536        83.98      50.39      744.3
------------------------------------------------------------------------------------------
TLS_AES_128_CBC_SHA256                                16        49.77      39.11        0.3
TLS_AES_128_CBC_SHA256                               512        49.93      46.89        9.8
TLS_AES_128_CBC_SHA256                              1024        46.39      20.57       21.1
TLS_AES_128_CBC_SHA256                             16384        93.35      30.53      167.4
TLS_AES_128_CBC_SHA256                             65536       264.10      72.09      236.7
------------------------------------------------------------------------------------------
TLS_ECDHE_RSA_WITH_3DES_EDE_CBC_SHA                   16        34.45      41.65        0.4
TLS_ECDHE_RSA_WITH_3DES_EDE_CBC_SHA                  512        54.04      40.47        9.0
TLS_ECDHE_RSA_WITH_3DES_EDE_CBC_SHA                 1024        74.32      45.71       13.1
TLS_ECDHE_RSA_WITH_3DES_EDE_CBC_SHA                16384       602.31      92.29       25.9
TLS_ECDHE_RSA_WITH_3DES_EDE_CBC_SHA                65536      2440.35     724.57       25.6
------------------------------------------------------------------------------------------
