Cipher Suite                                    Size (B)    Mean (µs)   Std (µs)       MB/s
------------------------------------------------------------------------------------------
TLS_AES_128_GCM_SHA256                                16        14.58      47.57        1.0
TLS_AES_128_GCM_SHA256                               512        11.77       2.34       41.5
TLS_AES_128_GCM_SHA256                              1024        13.78      19.57       70.9
TLS_AES_128_GCM_SHA256                             16384        16.60       3.37      941.5
TLS_AES_128_GCM_SHA256                             65536        29.31       5.05     2132.1
------------------------------------------------------------------------------------------
TLS_AES_256_GCM_SHA384                                16        11.02       2.03        1.4
TLS_AES_256_GCM_SHA384                               512        11.92       1.63       41.0
TLS_AES_256_GCM_SHA384                              1024        12.27       2.00       79.6
TLS_AES_256_GCM_SHA384                             16384        17.84       3.80      876.1
TLS_AES_256_GCM_SHA384                             65536        33.14       3.56     1885.8
------------------------------------------------------------------------------------------
TLS_CHACHA20_POLY1305_SHA256                          16         7.37       2.68        2.1
TLS_CHACHA20_POLY1305_SHA256                         512         7.56       0.72       64.6
TLS_CHACHA20_POLY1305_SHA256                        1024         8.18       0.71      119.4
TLS_CHACHA20_POLY1305_SHA256                       16384        16.34       2.25      956.0
TLS_CHACHA20_POLY1305_SHA256                       65536        41.80       3.67     1495.3
------------------------------------------------------------------------------------------
TLS_AES_128_CCM_SHA256                                16        12.28       3.15        1.2
TLS_AES_128_CCM_SHA256                               512        13.16       3.14       37.1
TLS_AES_128_CCM_SHA256                              1024        13.89       2.68       70.3
TLS_AES_128_CCM_SHA256                             16384        25.87       2.29      604.0
TLS_AES_128_CCM_SHA256                             65536        64.12       4.66      974.7
------------------------------------------------------------------------------------------
TLS_AES_128_CBC_SHA256                                16        38.96      14.79        0.4
TLS_AES_128_CBC_SHA256                               512        39.25       4.69       12.4
TLS_AES_128_CBC_SHA256                              1024        41.06       4.04       23.8
TLS_AES_128_CBC_SHA256                             16384        84.30       6.31      185.3
TLS_AES_128_CBC_SHA256                             65536       222.54      12.61      280.8
------------------------------------------------------------------------------------------
TLS_ECDHE_RSA_WITH_3DES_EDE_CBC_SHA                   16        24.62       4.19        0.6
TLS_ECDHE_RSA_WITH_3DES_EDE_CBC_SHA                  512        41.03       4.90       11.9
TLS_ECDHE_RSA_WITH_3DES_EDE_CBC_SHA                 1024        56.62       3.94       17.2
TLS_ECDHE_RSA_WITH_3DES_EDE_CBC_SHA                16384       551.37     111.20       28.3
TLS_ECDHE_RSA_WITH_3DES_EDE_CBC_SHA                65536      2070.27     270.84       30.2
------------------------------------------------------------------------------------------
