Cipher Suite                                    Size (B)    Mean (µs)   Std (µs)       MB/s
------------------------------------------------------------------------------------------
TLS_AES_128_GCM_SHA256                                16        18.53      57.39        0.8
TLS_AES_128_GCM_SHA256                               512        19.00      65.52       25.7
TLS_AES_128_GCM_SHA256                              1024        12.56       2.14       77.8
TLS_AES_128_GCM_SHA256                             16384        37.61     255.95      415.5
TLS_AES_128_GCM_SHA256                             65536        46.15     124.56     1354.2
------------------------------------------------------------------------------------------
TLS_AES_256_GCM_SHA384                                16        13.87      16.34        1.1
TLS_AES_256_GCM_SHA384                               512        18.53      51.41       26.4
TLS_AES_256_GCM_SHA384                              1024        15.57      19.87       62.7
TLS_AES_256_GCM_SHA384                             16384        22.64      26.33      690.0
TLS_AES_256_GCM_SHA384                             65536        39.91      29.17     1566.1
------------------------------------------------------------------------------------------
TLS_CHACHA20_POLY1305_SHA256                          16         8.72      14.45        1.7
TLS_CHACHA20_POLY1305_SHA256                         512         9.17      13.93       53.2
TLS_CHACHA20_POLY1305_SHA256                        1024         9.61      13.79      101.7
TLS_CHACHA20_POLY1305_SHA256                       16384        21.43      29.89      729.3
TLS_CHACHA20_POLY1305_SHA256                       65536        54.79      40.66     1140.6
------------------------------------------------------------------------------------------
TLS_AES_128_CCM_SHA256                                16        13.78      12.26        1.1
TLS_AES_128_CCM_SHA256                               512        15.16      18.80       32.2
TLS_AES_128_CCM_SHA256                              1024        16.12      18.57       60.6
TLS_AES_128_CCM_SHA256                             16384        30.59      25.49      510.7
TLS_AES_128_CCM_SHA256                             65536        99.70     188.09      626.9
------------------------------------------------------------------------------------------
TLS_AES_128_CBC_SHA256                                16        73.44     214.45        0.2
TLS_AES_128_CBC_SHA256                               512        43.39      16.07       11.3
TLS_AES_128_CBC_SHA256                              1024        59.15     220.20       16.5
TLS_AES_128_CBC_SHA256                             16384       149.67     513.04      104.4
TLS_AES_128_CBC_SHA256                             65536       308.69     329.74      202.5
------------------------------------------------------------------------------------------
TLS_ECDHE_RSA_WITH_3DES_EDE_CBC_SHA                   16        34.41      51.65        0.4
TLS_ECDHE_RSA_WITH_3DES_EDE_CBC_SHA                  512        52.42      49.59        9.3
TLS_ECDHE_RSA_WITH_3DES_EDE_CBC_SHA                 1024        80.40     114.18       12.1
TLS_ECDHE_RSA_WITH_3DES_EDE_CBC_SHA                16384       770.49     565.87       20.3
TLS_ECDHE_RSA_WITH_3DES_EDE_CBC_SHA                65536      2842.09    1218.30       22.0
------------------------------------------------------------------------------------------
