Cipher Suite                                    Size (B)    Mean (µs)   Std (µs)       MB/s
------------------------------------------------------------------------------------------
TLS_AES_128_GCM_SHA256                                16        14.75      48.55        1.0
TLS_AES_128_GCM_SHA256                               512        12.40       2.73       39.4
TLS_AES_128_GCM_SHA256                              1024        14.57      30.78       67.0
TLS_AES_128_GCM_SHA256                             16384        16.96       3.88      921.1
TLS_AES_128_GCM_SHA256                             65536        31.51      19.26     1983.5
------------------------------------------------------------------------------------------
TLS_AES_256_GCM_SHA384                                16        11.47       3.08        1.3
TLS_AES_256_GCM_SHA384                               512        12.17       1.99       40.1
TLS_AES_256_GCM_SHA384                              1024        13.95      22.40       70.0
TLS_AES_256_GCM_SHA384                             16384        17.66       2.62      884.6
TLS_AES_256_GCM_SHA384                             65536        35.09      18.40     1781.2
------------------------------------------------------------------------------------------
TLS_CHACHA20_POLY1305_SHA256                          16         7.42       2.74        2.1
TLS_CHACHA20_POLY1305_SHA256                         512         7.91       2.35       61.7
TLS_CHACHA20_POLY1305_SHA256                        1024         9.62       7.50      101.5
TLS_CHACHA20_POLY1305_SHA256                       16384        16.20       2.04      964.6
TLS_CHACHA20_POLY1305_SHA256                       65536        75.37     317.83      829.3
------------------------------------------------------------------------------------------
TLS_AES_128_CCM_SHA256                                16        12.47       3.90        1.2
TLS_AES_128_CCM_SHA256                               512        13.38       3.79       36.5
TLS_AES_128_CCM_SHA256                              1024        14.10       3.75       69.3
TLS_AES_128_CCM_SHA256                             16384        57.15     129.04      273.4
TLS_AES_128_CCM_SHA256                             65536        66.14      12.04      945.0
------------------------------------------------------------------------------------------
TLS_AES_128_CBC_SHA256                                16        41.76      28.60        0.4
TLS_AES_128_CBC_SHA256                               512        95.23     762.76        5.1
TLS_AES_128_CBC_SHA256                              1024        43.37      11.30       22.5
TLS_AES_128_CBC_SHA256                             16384        85.24       5.55      183.3
TLS_AES_128_CBC_SHA256                             65536       224.12      13.40      278.9
------------------------------------------------------------------------------------------
TLS_ECDHE_RSA_WITH_3DES_EDE_CBC_SHA                   16        25.03       6.87        0.6
TLS_ECDHE_RSA_WITH_3DES_EDE_CBC_SHA                  512        41.29       4.99       11.8
TLS_ECDHE_RSA_WITH_3DES_EDE_CBC_SHA                 1024        58.00       6.70       16.8
TLS_ECDHE_RSA_WITH_3DES_EDE_CBC_SHA                16384       535.03      22.73       29.2
TLS_ECDHE_RSA_WITH_3DES_EDE_CBC_SHA                65536      2112.58     470.05       29.6
------------------------------------------------------------------------------------------
