Cipher Suite                                    Size (B)    Mean (µs)   Std (µs)       MB/s
------------------------------------------------------------------------------------------
TLS_AES_128_GCM_SHA256                                16        17.57      53.84        0.9
TLS_AES_128_GCM_SHA256                               512        15.50      28.73       31.5
TLS_AES_128_GCM_SHA256                              1024        12.70       5.58       76.9
TLS_AES_128_GCM_SHA256                             16384        17.08       5.01      915.0
TLS_AES_128_GCM_SHA256                             65536        32.21      20.81     1940.6
------------------------------------------------------------------------------------------
TLS_AES_256_GCM_SHA384                                16        11.53       3.33        1.3
TLS_AES_256_GCM_SHA384                               512        11.99       3.71       40.7
TLS_AES_256_GCM_SHA384                              1024        14.27      19.91       68.5
TLS_AES_256_GCM_SHA384                             16384        17.61       3.66      887.3
TLS_AES_256_GCM_SHA384                             65536        62.52     104.71      999.7
------------------------------------------------------------------------------------------
TLS_CHACHA20_POLY1305_SHA256                          16         7.99       6.89        1.9
TLS_CHACHA20_POLY1305_SHA256                         512         8.17       2.76       59.8
TLS_CHACHA20_POLY1305_SHA256                        1024         8.35       2.87      116.9
TLS_CHACHA20_POLY1305_SHA256                       16384        19.70      30.50      793.1
TLS_CHACHA20_POLY1305_SHA256                       65536        54.30      46.22     1151.0
------------------------------------------------------------------------------------------
TLS_AES_128_CCM_SHA256                                16        14.63      20.68        1.0
TLS_AES_128_CCM_SHA256                               512        13.21       3.84       37.0
TLS_AES_128_CCM_SHA256                              1024        13.40       2.70       72.9
TLS_AES_128_CCM_SHA256                             16384        38.67     141.64      404.1
TLS_AES_128_CCM_SHA256                             65536        93.29     150.14      670.0
------------------------------------------------------------------------------------------
TLS_AES_128_CBC_SHA256                                16        49.90      44.83        0.3
TLS_AES_128_CBC_SHA256                               512        60.70     152.76        8.0
TLS_AES_128_CBC_SHA256                              1024        52.89      40.90       18.5
TLS_AES_128_CBC_SHA256                             16384       103.81      54.16      150.5
TLS_AES_128_CBC_SHA256                             65536       239.78      60.25      260.7
------------------------------------------------------------------------------------------
TLS_ECDHE_RSA_WITH_3DES_EDE_CBC_SHA                   16        27.95       9.63        0.5
TLS_ECDHE_RSA_WITH_3DES_EDE_CBC_SHA                  512        44.57      37.05       11.0
TLS_ECDHE_RSA_WITH_3DES_EDE_CBC_SHA                 1024        59.52      17.17       16.4
TLS_ECDHE_RSA_WITH_3DES_EDE_CBC_SHA                16384       675.55     327.83       23.1
TLS_ECDHE_RSA_WITH_3DES_EDE_CBC_SHA                65536      2162.61     542.12       28.9
------------------------------------------------------------------------------------------
