Cipher Suite                                    Size (B)    Mean (µs)   Std (µs)       MB/s
------------------------------------------------------------------------------------------
TLS_AES_128_GCM_SHA256                                16        14.98      51.15        1.0
TLS_AES_128_GCM_SHA256                               512        11.99       2.57       40.7
TLS_AES_128_GCM_SHA256                              1024        13.88      22.40       70.4
TLS_AES_128_GCM_SHA256                             16384        16.64       4.33      938.9
TLS_AES_128_GCM_SHA256                             65536        31.33      23.29     1995.0
------------------------------------------------------------------------------------------
TLS_AES_256_GCM_SHA384                                16        11.11       2.19        1.4
TLS_AES_256_GCM_SHA384                               512        11.77       1.92       41.5
TLS_AES_256_GCM_SHA384                              1024        12.10       1.77       80.7
TLS_AES_256_GCM_SHA384                             16384        18.95      19.99      824.5
TLS_AES_256_GCM_SHA384                             65536        33.79       5.94     1849.4
------------------------------------------------------------------------------------------
TLS_CHACHA20_POLY1305_SHA256                          16         8.86      22.93        1.7
TLS_CHACHA20_POLY1305_SHA256                         512         7.76       2.08       62.9
TLS_CHACHA20_POLY1305_SHA256                        1024         8.42       3.40      116.0
TLS_CHACHA20_POLY1305_SHA256                       16384        16.18       1.80      965.5
TLS_CHACHA20_POLY1305_SHA256                       65536        44.51      23.29     1404.1
------------------------------------------------------------------------------------------
TLS_AES_128_CCM_SHA256                                16        12.22       3.08        1.2
TLS_AES_128_CCM_SHA256                               512        14.88      22.78       32.8
TLS_AES_128_CCM_SHA256                              1024        13.47       1.79       72.5
TLS_AES_128_CCM_SHA256                             16384        28.85      21.87      541.6
TLS_AES_128_CCM_SHA256                             65536        65.16      14.46      959.2
------------------------------------------------------------------------------------------
TLS_AES_128_CBC_SHA256                                16        39.93      17.43        0.4
TLS_AES_128_CBC_SHA256                               512        40.31       4.48       12.1
TLS_AES_128_CBC_SHA256                              1024        42.79       8.05       22.8
TLS_AES_128_CBC_SHA256                             16384        87.17      14.11      179.3
TLS_AES_128_CBC_SHA256                             65536       224.21      15.92      278.8
------------------------------------------------------------------------------------------
TLS_ECDHE_RSA_WITH_3DES_EDE_CBC_SHA                   16        25.04       5.55        0.6
TLS_ECDHE_RSA_WITH_3DES_EDE_CBC_SHA                  512        40.99       4.15       11.9
TLS_ECDHE_RSA_WITH_3DES_EDE_CBC_SHA                 1024        58.01       5.98       16.8
TLS_ECDHE_RSA_WITH_3DES_EDE_CBC_SHA                16384       540.41      18.32       28.9
TLS_ECDHE_RSA_WITH_3DES_EDE_CBC_SHA                65536      2187.77     545.91       28.6
------------------------------------------------------------------------------------------
