Cipher Suite                                    Size (B)    Mean (µs)   Std (µs)       MB/s
------------------------------------------------------------------------------------------
TLS_AES_128_GCM_SHA256                                16        14.78      47.98        1.0
TLS_AES_128_GCM_SHA256                               512        11.73       2.42       41.6
TLS_AES_128_GCM_SHA256                              1024        11.93       1.91       81.8
TLS_AES_128_GCM_SHA256                             16384        16.52       3.40      945.9
TLS_AES_128_GCM_SHA256                             65536        29.64       5.78     2108.3
------------------------------------------------------------------------------------------
TLS_AES_256_GCM_SHA384                                16        11.02       2.25        1.4
TLS_AES_256_GCM_SHA384                               512        11.95       2.59       40.9
TLS_AES_256_GCM_SHA384                              1024        12.63       4.12       77.3
TLS_AES_256_GCM_SHA384                             16384        17.53       2.60      891.1
TLS_AES_256_GCM_SHA384                             65536        34.09       6.03     1833.2
------------------------------------------------------------------------------------------
TLS_CHACHA20_POLY1305_SHA256                          16         7.38       2.67        2.1
TLS_CHACHA20_POLY1305_SHA256                         512         7.83       1.82       62.4
TLS_CHACHA20_POLY1305_SHA256                        1024         8.31       1.81      117.5
TLS_CHACHA20_POLY1305_SHA256                       16384        16.39       2.20      953.1
TLS_CHACHA20_POLY1305_SHA256                       65536        42.47       5.86     1471.5
------------------------------------------------------------------------------------------
TLS_AES_128_CCM_SHA256                                16        12.31       3.60        1.2
TLS_AES_128_CCM_SHA256                               512        12.99       2.61       37.6
TLS_AES_128_CCM_SHA256                              1024        13.36       1.87       73.1
TLS_AES_128_CCM_SHA256                             16384        25.77       2.82      606.3
TLS_AES_128_CCM_SHA256                             65536        64.50       5.26      969.0
------------------------------------------------------------------------------------------
TLS_AES_128_CBC_SHA256                                16        39.97      19.00        0.4
TLS_AES_128_CBC_SHA256                               512        39.92       4.74       12.2
TLS_AES_128_CBC_SHA256                              1024        41.33       4.19       23.6
TLS_AES_128_CBC_SHA256                             16384        84.68       6.13      184.5
TLS_AES_128_CBC_SHA256                             65536       223.20      14.39      280.0
------------------------------------------------------------------------------------------
TLS_ECDHE_RSA_WITH_3DES_EDE_CBC_SHA                   16        25.06       5.16        0.6
TLS_ECDHE_RSA_WITH_3DES_EDE_CBC_SHA                  512        40.78       5.78       12.0
TLS_ECDHE_RSA_WITH_3DES_EDE_CBC_SHA                 1024        57.18       7.15       17.1
TLS_ECDHE_RSA_WITH_3DES_EDE_CBC_SHA                16384       530.36      13.62       29.5
TLS_ECDHE_RSA_WITH_3DES_EDE_CBC_SHA                65536      2195.84     848.13       28.5
------------------------------------------------------------------------------------------
