Cipher Suite                                    Size (B)    Mean (µs)   Std (µs)       MB/s
------------------------------------------------------------------------------------------
TLS_AES_128_GCM_SHA256                                16        56.22     362.19        0.3
TLS_AES_128_GCM_SHA256                               512        42.13     339.82       11.6
TLS_AES_128_GCM_SHA256                              1024        54.22     522.07       18.0
TLS_AES_128_GCM_SHA256                             16384        30.15     177.04      518.3
TLS_AES_128_GCM_SHA256                             65536       101.26     649.10      617.2
------------------------------------------------------------------------------------------
TLS_AES_256_GCM_SHA384                                16        11.69       2.88        1.3
TLS_AES_256_GCM_SHA384                               512        14.66      31.19       33.3
TLS_AES_256_GCM_SHA384                              1024        13.08       3.41       74.6
TLS_AES_256_GCM_SHA384                             16384        18.54       5.08      842.9
TLS_AES_256_GCM_SHA384                             65536        35.35      17.36     1767.9
------------------------------------------------------------------------------------------
TLS_CHACHA20_POLY1305_SHA256                          16         7.50       2.50        2.0
TLS_CHACHA20_POLY1305_SHA256                         512         8.17       2.48       59.8
TLS_CHACHA20_POLY1305_SHA256                        1024         9.90      16.86       98.6
TLS_CHACHA20_POLY1305_SHA256                       16384        17.49       5.70      893.1
TLS_CHACHA20_POLY1305_SHA256                       65536        46.05      19.91     1357.3
------------------------------------------------------------------------------------------
TLS_AES_128_CCM_SHA256                                16        12.81       5.06        1.2
TLS_AES_128_CCM_SHA256                               512        12.89       2.17       37.9
TLS_AES_128_CCM_SHA256                              1024        14.91      21.60       65.5
TLS_AES_128_CCM_SHA256                             16384        26.34       5.23      593.3
TLS_AES_128_CCM_SHA256                             65536        67.15      23.66      930.7
------------------------------------------------------------------------------------------
TLS_AES_128_CBC_SHA256                                16        38.54      17.59        0.4
TLS_AES_128_CBC_SHA256                               512        40.40      18.12       12.1
TLS_AES_128_CBC_SHA256                              1024        41.69      16.63       23.4
TLS_AES_128_CBC_SHA256                             16384       102.93     230.61      151.8
TLS_AES_128_CBC_SHA256                             65536       229.16      38.89      272.7
------------------------------------------------------------------------------------------
TLS_ECDHE_RSA_WITH_3DES_EDE_CBC_SHA                   16        26.55      13.80        0.6
TLS_ECDHE_RSA_WITH_3DES_EDE_CBC_SHA                  512        42.57      20.34       11.5
TLS_ECDHE_RSA_WITH_3DES_EDE_CBC_SHA                 1024        58.64      17.80       16.7
TLS_ECDHE_RSA_WITH_3DES_EDE_CBC_SHA                16384       556.15      57.23       28.1
TLS_ECDHE_RSA_WITH_3DES_EDE_CBC_SHA                65536      2108.95     111.01       29.6
------------------------------------------------------------------------------------------
