Cipher Suite                                    Size (B)    Mean (µs)   Std (µs)       MB/s
------------------------------------------------------------------------------------------
TLS_AES_128_GCM_SHA256                                16        15.22      50.41        1.0
TLS_AES_128_GCM_SHA256                               512        13.78      20.45       35.4
TLS_AES_128_GCM_SHA256                              1024        12.73       3.46       76.7
TLS_AES_128_GCM_SHA256                             16384        16.91       3.58      923.8
TLS_AES_128_GCM_SHA256                             65536        33.68      33.37     1855.8
------------------------------------------------------------------------------------------
TLS_AES_256_GCM_SHA384                                16        11.58       2.99        1.3
TLS_AES_256_GCM_SHA384                               512        12.24       2.75       39.9
TLS_AES_256_GCM_SHA384                              1024        14.34      19.57       68.1
TLS_AES_256_GCM_SHA384                             16384        18.10       3.98      863.5
TLS_AES_256_GCM_SHA384                             65536        36.90      28.07     1693.9
------------------------------------------------------------------------------------------
TLS_CHACHA20_POLY1305_SHA256                          16         7.62       3.08        2.0
TLS_CHACHA20_POLY1305_SHA256                         512         8.14       2.34       60.0
TLS_CHACHA20_POLY1305_SHA256                        1024         8.70       2.79      112.2
TLS_CHACHA20_POLY1305_SHA256                       16384        19.34      24.59      807.8
TLS_CHACHA20_POLY1305_SHA256                       65536        44.14      18.00     1416.0
------------------------------------------------------------------------------------------
TLS_AES_128_CCM_SHA256                                16        12.66       3.62        1.2
TLS_AES_128_CCM_SHA256                               512        13.61       3.08       35.9
TLS_AES_128_CCM_SHA256                              1024        20.49      58.22       47.7
TLS_AES_128_CCM_SHA256                             16384        26.50       3.87      589.5
TLS_AES_128_CCM_SHA256                             65536        68.13      28.67      917.3
------------------------------------------------------------------------------------------
TLS_AES_128_CBC_SHA256                                16        42.73      26.70        0.4
TLS_AES_128_CBC_SHA256                               512        42.72      17.95       11.4
TLS_AES_128_CBC_SHA256                              1024        48.87      32.76       20.0
TLS_AES_128_CBC_SHA256                             16384        96.98      67.77      161.1
TLS_AES_128_CBC_SHA256                             65536       237.12      50.38      263.6
------------------------------------------------------------------------------------------
TLS_ECDHE_RSA_WITH_3DES_EDE_CBC_SHA                   16        28.38      24.43        0.5
TLS_ECDHE_RSA_WITH_3DES_EDE_CBC_SHA                  512        43.65      18.28       11.2
TLS_ECDHE_RSA_WITH_3DES_EDE_CBC_SHA                 1024        62.00      30.06       15.8
TLS_ECDHE_RSA_WITH_3DES_EDE_CBC_SHA                16384       649.09     552.29       24.1
TLS_ECDHE_RSA_WITH_3DES_EDE_CBC_SHA                65536      2163.47     230.88       28.9
------------------------------------------------------------------------------------------
