Cipher Suite                                    Size (B)    Mean (µs)   Std (µs)       MB/s
------------------------------------------------------------------------------------------
TLS_AES_128_GCM_SHA256                                16        15.99      65.75        1.0
TLS_AES_128_GCM_SHA256                               512        12.18       3.08       40.1
TLS_AES_128_GCM_SHA256                              1024        13.78      16.89       70.9
TLS_AES_128_GCM_SHA256                             16384        17.03       5.06      917.6
TLS_AES_128_GCM_SHA256                             65536        89.15     755.63      701.1
------------------------------------------------------------------------------------------
TLS_AES_256_GCM_SHA384                                16        11.38       2.53        1.3
TLS_AES_256_GCM_SHA384                               512        12.44       2.36       39.2
TLS_AES_256_GCM_SHA384                              1024        16.15      21.43       60.5
TLS_AES_256_GCM_SHA384                             16384        19.93       8.49      783.9
TLS_AES_256_GCM_SHA384                             65536        36.52      27.64     1711.3
------------------------------------------------------------------------------------------
TLS_CHACHA20_POLY1305_SHA256                          16         7.28       2.36        2.1
TLS_CHACHA20_POLY1305_SHA256                         512         9.27      16.49       52.6
TLS_CHACHA20_POLY1305_SHA256                        1024         8.57       1.87      114.0
TLS_CHACHA20_POLY1305_SHA256                       16384        17.36       5.73      900.2
TLS_CHACHA20_POLY1305_SHA256                       65536        43.44       6.91     1438.7
------------------------------------------------------------------------------------------
TLS_AES_128_CCM_SHA256                                16        12.45       2.88        1.2
TLS_AES_128_CCM_SHA256                               512        13.45       2.77       36.3
TLS_AES_128_CCM_SHA256                              1024        14.36       5.80       68.0
TLS_AES_128_CCM_SHA256                             16384        26.39       3.43      592.1
TLS_AES_128_CCM_SHA256                             65536        65.87      10.15      948.9
------------------------------------------------------------------------------------------
TLS_AES_128_CBC_SHA256                                16        40.42      17.89        0.4
TLS_AES_128_CBC_SHA256                               512        42.52       7.66       11.5
TLS_AES_128_CBC_SHA256                              1024        43.27       3.82       22.6
TLS_AES_128_CBC_SHA256                             16384        87.48       9.09      178.6
TLS_AES_128_CBC_SHA256                             65536       227.65      15.58      274.5
------------------------------------------------------------------------------------------
TLS_ECDHE_RSA_WITH_3DES_EDE_CBC_SHA                   16        26.28       7.08        0.6
TLS_ECDHE_RSA_WITH_3DES_EDE_CBC_SHA                  512        42.41       9.02       11.5
TLS_ECDHE_RSA_WITH_3DES_EDE_CBC_SHA                 1024        58.11       6.69       16.8
TLS_ECDHE_RSA_WITH_3DES_EDE_CBC_SHA                16384       546.95      43.79       28.6
TLS_ECDHE_RSA_WITH_3DES_EDE_CBC_SHA                65536      2299.34     739.45       27.2
------------------------------------------------------------------------------------------
