Cipher Suite                                    Size (B)    Mean (µs)   Std (µs)       MB/s
------------------------------------------------------------------------------------------
TLS_AES_128_GCM_SHA256                                16        19.71      69.13        0.8
TLS_AES_128_GCM_SHA256                               512        17.02      25.99       28.7
TLS_AES_128_GCM_SHA256                              1024        20.32      44.24       48.1
TLS_AES_128_GCM_SHA256                             16384        69.05     201.10      226.3
TLS_AES_128_GCM_SHA256                             65536        42.11      42.09     1484.4
------------------------------------------------------------------------------------------
TLS_AES_256_GCM_SHA384                                16        28.58     178.39        0.5
TLS_AES_256_GCM_SHA384                               512        16.79      28.68       29.1
TLS_AES_256_GCM_SHA384                              1024        17.69      31.00       55.2
TLS_AES_256_GCM_SHA384                             16384        25.32      34.05      617.1
TLS_AES_256_GCM_SHA384                             65536        45.83      38.31     1363.6
------------------------------------------------------------------------------------------
TLS_CHACHA20_POLY1305_SHA256                          16         8.67      15.28        1.8
TLS_CHACHA20_POLY1305_SHA256                         512        11.26      22.64       43.4
TLS_CHACHA20_POLY1305_SHA256                        1024        11.14      26.58       87.7
TLS_CHACHA20_POLY1305_SHA256                       16384        22.94      34.11      681.1
TLS_CHACHA20_POLY1305_SHA256                       65536        55.44      41.70     1127.3
------------------------------------------------------------------------------------------
TLS_AES_128_CCM_SHA256                                16        16.12      23.61        0.9
TLS_AES_128_CCM_SHA256                               512        19.78      39.08       24.7
TLS_AES_128_CCM_SHA256                              1024        19.50      25.00       50.1
TLS_AES_128_CCM_SHA256                             16384        36.48      41.99      428.3
TLS_AES_128_CCM_SHA256                             65536        81.45      45.22      767.4
------------------------------------------------------------------------------------------
TLS_AES_128_CBC_SHA256                                16        57.40      55.99        0.3
TLS_AES_128_CBC_SHA256                               512        55.67      46.35        8.8
TLS_AES_128_CBC_SHA256                              1024        53.35      42.25       18.3
TLS_AES_128_CBC_SHA256                             16384       104.23      52.05      149.9
TLS_AES_128_CBC_SHA256                             65536       278.15      77.89      224.7
------------------------------------------------------------------------------------------
TLS_ECDHE_RSA_WITH_3DES_EDE_CBC_SHA                   16        30.68      30.40        0.5
TLS_ECDHE_RSA_WITH_3DES_EDE_CBC_SHA                  512        51.67      38.03        9.4
TLS_ECDHE_RSA_WITH_3DES_EDE_CBC_SHA                 1024        69.35      39.79       14.1
TLS_ECDHE_RSA_WITH_3DES_EDE_CBC_SHA                16384       687.82     235.84       22.7
TLS_ECDHE_RSA_WITH_3DES_EDE_CBC_SHA                65536      2701.46     910.18       23.1
------------------------------------------------------------------------------------------
