Cipher Suite                                    Size (B)    Mean (µs)   Std (µs)       MB/s
------------------------------------------------------------------------------------------
TLS_AES_128_GCM_SHA256                                16        15.25      50.60        1.0
TLS_AES_128_GCM_SHA256                               512        11.97       2.63       40.8
TLS_AES_128_GCM_SHA256                              1024        12.19       2.19       80.1
TLS_AES_128_GCM_SHA256                             16384        16.76       3.52      932.5
TLS_AES_128_GCM_SHA256                             65536        29.43       5.77     2123.6
------------------------------------------------------------------------------------------
TLS_AES_256_GCM_SHA384                                16        11.26       2.40        1.4
TLS_AES_256_GCM_SHA384                               512        11.90       1.90       41.0
TLS_AES_256_GCM_SHA384                              1024        12.29       1.80       79.5
TLS_AES_256_GCM_SHA384                             16384        17.40       2.78      898.2
TLS_AES_256_GCM_SHA384                             65536        33.54       4.87     1863.2
------------------------------------------------------------------------------------------
TLS_CHACHA20_POLY1305_SHA256                          16         7.44       2.76        2.1
TLS_CHACHA20_POLY1305_SHA256                         512         7.59       0.71       64.4
TLS_CHACHA20_POLY1305_SHA256                        1024         8.04       0.68      121.5
TLS_CHACHA20_POLY1305_SHA256                       16384        16.67       3.36      937.3
TLS_CHACHA20_POLY1305_SHA256                       65536        42.54       5.14     1469.1
------------------------------------------------------------------------------------------
TLS_AES_128_CCM_SHA256                                16        12.05       2.55        1.3
TLS_AES_128_CCM_SHA256                               512        13.01       1.89       37.5
TLS_AES_128_CCM_SHA256                              1024        13.82       3.84       70.7
TLS_AES_128_CCM_SHA256                             16384        25.65       2.33      609.0
TLS_AES_128_CCM_SHA256                             65536        63.45       3.97      985.1
------------------------------------------------------------------------------------------
TLS_AES_128_CBC_SHA256                                16        38.65      15.74        0.4
TLS_AES_128_CBC_SHA256                               512        40.98      16.29       11.9
TLS_AES_128_CBC_SHA256                              1024        41.19       4.84       23.7
TLS_AES_128_CBC_SHA256                             16384        84.10       6.30      185.8
TLS_AES_128_CBC_SHA256                             65536       223.02      12.75      280.3
------------------------------------------------------------------------------------------
TLS_ECDHE_RSA_WITH_3DES_EDE_CBC_SHA                   16        24.82       5.50        0.6
TLS_ECDHE_RSA_WITH_3DES_EDE_CBC_SHA                  512        40.26       3.65       12.1
TLS_ECDHE_RSA_WITH_3DES_EDE_CBC_SHA                 1024        57.45       7.51       17.0
TLS_ECDHE_RSA_WITH_3DES_EDE_CBC_SHA                16384       528.71      11.13       29.6
TLS_ECDHE_RSA_WITH_3DES_EDE_CBC_SHA                65536      2092.19     263.81       29.9
------------------------------------------------------------------------------------------
