Cipher Suite                                    Size (B)    Mean (µs)   Std (µs)       MB/s
------------------------------------------------------------------------------------------
TLS_AES_128_GCM_SHA256                                16        14.84      49.31        1.0
TLS_AES_128_GCM_SHA256                               512        11.95       2.48       40.9
TLS_AES_128_GCM_SHA256                              1024        14.63      21.09       66.7
TLS_AES_128_GCM_SHA256                             16384        18.20      17.45      858.7
TLS_AES_128_GCM_SHA256                             65536        33.44      26.83     1869.2
------------------------------------------------------------------------------------------
TLS_AES_256_GCM_SHA384                                16        12.67      11.38        1.2
TLS_AES_256_GCM_SHA384                               512        14.36      19.97       34.0
TLS_AES_256_GCM_SHA384                              1024        15.40      19.96       63.4
TLS_AES_256_GCM_SHA384                             16384        20.33      19.71      768.6
TLS_AES_256_GCM_SHA384                             65536        39.80      32.02     1570.5
------------------------------------------------------------------------------------------
TLS_CHACHA20_POLY1305_SHA256                          16         7.61       3.08        2.0
TLS_CHACHA20_POLY1305_SHA256                         512         8.03       2.66       60.8
TLS_CHACHA20_POLY1305_SHA256                        1024         8.28       1.78      117.9
TLS_CHACHA20_POLY1305_SHA256                       16384        16.82       3.50      928.9
TLS_CHACHA20_POLY1305_SHA256                       65536        42.22       5.32     1480.4
------------------------------------------------------------------------------------------
TLS_AES_128_CCM_SHA256                                16        12.33       3.60        1.2
TLS_AES_128_CCM_SHA256                               512        12.89       2.56       37.9
TLS_AES_128_CCM_SHA256                              1024        13.30       1.84       73.4
TLS_AES_128_CCM_SHA256                             16384        26.06       3.80      599.6
TLS_AES_128_CCM_SHA256                             65536        65.13      13.57      959.5
------------------------------------------------------------------------------------------
TLS_AES_128_CBC_SHA256                                16        38.97      15.75        0.4
TLS_AES_128_CBC_SHA256                               512        39.79       4.21       12.3
TLS_AES_128_CBC_SHA256                              1024        42.38       6.23       23.0
TLS_AES_128_CBC_SHA256                             16384        84.76       4.90      184.3
TLS_AES_128_CBC_SHA256                             65536       259.60     122.30      240.8
------------------------------------------------------------------------------------------
TLS_ECDHE_RSA_WITH_3DES_EDE_CBC_SHA                   16        25.17       4.55        0.6
TLS_ECDHE_RSA_WITH_3DES_EDE_CBC_SHA                  512        43.53      23.09       11.2
TLS_ECDHE_RSA_WITH_3DES_EDE_CBC_SHA                 1024        60.03      24.30       16.3
TLS_ECDHE_RSA_WITH_3DES_EDE_CBC_SHA                16384       554.09      63.63       28.2
TLS_ECDHE_RSA_WITH_3DES_EDE_CBC_SHA                65536      2127.18     146.66       29.4
------------------------------------------------------------------------------------------
