Cipher Suite                                    Size (B)    Mean (µs)   Std (µs)       MB/s
------------------------------------------------------------------------------------------
TLS_AES_128_GCM_SHA256                                16        14.42      47.49        1.1
TLS_AES_128_GCM_SHA256                               512        12.47       7.01       39.2
TLS_AES_128_GCM_SHA256                              1024        11.91       2.21       82.0
TLS_AES_128_GCM_SHA256                             16384        16.36       3.07      954.8
TLS_AES_128_GCM_SHA256                             65536        29.81       5.48     2096.7
------------------------------------------------------------------------------------------
TLS_AES_256_GCM_SHA384                                16        11.30       1.91        1.4
TLS_AES_256_GCM_SHA384                               512        12.47       2.67       39.2
TLS_AES_256_GCM_SHA384                              1024        12.50       3.03       78.1
TLS_AES_256_GCM_SHA384                             16384        17.65       2.04      885.2
TLS_AES_256_GCM_SHA384                             65536        33.96       4.96     1840.1
------------------------------------------------------------------------------------------
TLS_CHACHA20_POLY1305_SHA256                          16         7.35       2.89        2.1
TLS_CHACHA20_POLY1305_SHA256                         512         7.96       2.29       61.3
TLS_CHACHA20_POLY1305_SHA256                        1024         8.65       2.37      113.0
TLS_CHACHA20_POLY1305_SHA256                       16384        16.77       2.16      931.7
TLS_CHACHA20_POLY1305_SHA256                       65536        42.74       3.62     1462.5
------------------------------------------------------------------------------------------
TLS_AES_128_CCM_SHA256                                16        12.05       2.89        1.3
TLS_AES_128_CCM_SHA256                               512        13.37       3.68       36.5
TLS_AES_128_CCM_SHA256                              1024        13.69       2.12       71.3
TLS_AES_128_CCM_SHA256                             16384        26.93       5.91      580.3
TLS_AES_128_CCM_SHA256                             65536        63.29       4.94      987.6
------------------------------------------------------------------------------------------
TLS_AES_128_CBC_SHA256                                16        39.14      18.46        0.4
TLS_AES_128_CBC_SHA256                               512        39.24       5.20       12.4
TLS_AES_128_CBC_SHA256                              1024        41.33       5.21       23.6
TLS_AES_128_CBC_SHA256                             16384        84.03       5.62      185.9
TLS_AES_128_CBC_SHA256                             65536       224.21      14.79      278.8
------------------------------------------------------------------------------------------
TLS_ECDHE_RSA_WITH_3DES_EDE_CBC_SHA                   16        25.53       6.63        0.6
TLS_ECDHE_RSA_WITH_3DES_EDE_CBC_SHA                  512        41.01       4.97       11.9
TLS_ECDHE_RSA_WITH_3DES_EDE_CBC_SHA                 1024        57.61       8.67       17.0
TLS_ECDHE_RSA_WITH_3DES_EDE_CBC_SHA                16384       530.80      16.99       29.4
TLS_ECDHE_RSA_WITH_3DES_EDE_CBC_SHA                65536      2141.76     838.82       29.2
------------------------------------------------------------------------------------------
