Cipher Suite                                    Size (B)    Mean (µs)   Std (µs)       MB/s
------------------------------------------------------------------------------------------
TLS_AES_128_GCM_SHA256                                16        14.53      48.72        1.1
TLS_AES_128_GCM_SHA256                               512        14.72      23.87       33.2
TLS_AES_128_GCM_SHA256                              1024        12.05       2.10       81.0
TLS_AES_128_GCM_SHA256                             16384        16.91       3.23      924.0
TLS_AES_128_GCM_SHA256                             65536        31.23      17.40     2001.2
------------------------------------------------------------------------------------------
TLS_AES_256_GCM_SHA384                                16        11.36       2.49        1.3
TLS_AES_256_GCM_SHA384                               512        11.83       2.06       41.3
TLS_AES_256_GCM_SHA384                              1024        14.02      22.14       69.7
TLS_AES_256_GCM_SHA384                             16384        17.63       2.47      886.4
TLS_AES_256_GCM_SHA384                             65536        35.47      20.93     1762.2
------------------------------------------------------------------------------------------
TLS_CHACHA20_POLY1305_SHA256                          16         7.12       2.67        2.1
TLS_CHACHA20_POLY1305_SHA256                         512         7.36       0.75       66.4
TLS_CHACHA20_POLY1305_SHA256                        1024         7.97       0.73      122.5
TLS_CHACHA20_POLY1305_SHA256                       16384        18.07      23.36      864.6
TLS_CHACHA20_POLY1305_SHA256                       65536        41.95       4.37     1489.7
------------------------------------------------------------------------------------------
TLS_AES_128_CCM_SHA256                                16        12.12       3.09        1.3
TLS_AES_128_CCM_SHA256                               512        14.78       9.89       33.0
TLS_AES_128_CCM_SHA256                              1024        13.47       2.00       72.5
TLS_AES_128_CCM_SHA256                             16384        27.85      22.95      561.0
TLS_AES_128_CCM_SHA256                             65536        67.97      36.11      919.5
------------------------------------------------------------------------------------------
TLS_AES_128_CBC_SHA256                                16        41.34      30.48        0.4
TLS_AES_128_CBC_SHA256                               512        41.22      22.64       11.8
TLS_AES_128_CBC_SHA256                              1024        44.36      24.10       22.0
TLS_AES_128_CBC_SHA256                             16384        91.59      57.15      170.6
TLS_AES_128_CBC_SHA256                             65536       225.71      25.36      276.9
------------------------------------------------------------------------------------------
TLS_ECDHE_RSA_WITH_3DES_EDE_CBC_SHA                   16        24.45       5.07        0.6
TLS_ECDHE_RSA_WITH_3DES_EDE_CBC_SHA                  512        40.82       4.53       12.0
TLS_ECDHE_RSA_WITH_3DES_EDE_CBC_SHA                 1024        56.89       5.36       17.2
TLS_ECDHE_RSA_WITH_3DES_EDE_CBC_SHA                16384       533.65      31.66       29.3
TLS_ECDHE_RSA_WITH_3DES_EDE_CBC_SHA                65536      2143.26     635.72       29.2
------------------------------------------------------------------------------------------
