Cipher Suite                                    Size (B)    Mean (µs)   Std (µs)       MB/s
------------------------------------------------------------------------------------------
TLS_AES_128_GCM_SHA256                                16        17.10      78.06        0.9
TLS_AES_128_GCM_SHA256                               512        12.39       2.67       39.4
TLS_AES_128_GCM_SHA256                              1024        12.53       2.23       77.9
TLS_AES_128_GCM_SHA256                             16384        18.92      19.87      825.9
TLS_AES_128_GCM_SHA256                             65536        30.94       6.50     2020.3
------------------------------------------------------------------------------------------
TLS_AES_256_GCM_SHA384                                16        13.49      27.10        1.1
TLS_AES_256_GCM_SHA384                               512        12.46       2.30       39.2
TLS_AES_256_GCM_SHA384                              1024        12.76       2.73       76.5
TLS_AES_256_GCM_SHA384                             16384        18.10       2.24      863.3
TLS_AES_256_GCM_SHA384                             65536        34.19       4.13     1828.1
------------------------------------------------------------------------------------------
TLS_CHACHA20_POLY1305_SHA256                          16         7.63       2.89        2.0
TLS_CHACHA20_POLY1305_SHA256                         512        10.09      20.09       48.4
TLS_CHACHA20_POLY1305_SHA256                        1024         8.55       1.97      114.2
TLS_CHACHA20_POLY1305_SHA256                       16384        17.21       2.90      908.1
TLS_CHACHA20_POLY1305_SHA256                       65536        43.92      16.13     1423.2
------------------------------------------------------------------------------------------
TLS_AES_128_CCM_SHA256                                16        12.28       2.92        1.2
TLS_AES_128_CCM_SHA256                               512        14.27      20.95       34.2
TLS_AES_128_CCM_SHA256                              1024        13.64       2.73       71.6
TLS_AES_128_CCM_SHA256                             16384        25.79       3.10      605.9
TLS_AES_128_CCM_SHA256                             65536        67.81      28.75      921.7
------------------------------------------------------------------------------------------
TLS_AES_128_CBC_SHA256                                16        39.17      17.89        0.4
TLS_AES_128_CBC_SHA256                               512        41.70      19.56       11.7
TLS_AES_128_CBC_SHA256                              1024        43.70      20.70       22.3
TLS_AES_128_CBC_SHA256                             16384        88.94      35.05      175.7
TLS_AES_128_CBC_SHA256                             65536       240.45      69.92      259.9
------------------------------------------------------------------------------------------
TLS_ECDHE_RSA_WITH_3DES_EDE_CBC_SHA                   16        24.93       5.02        0.6
TLS_ECDHE_RSA_WITH_3DES_EDE_CBC_SHA                  512        42.66      25.31       11.4
TLS_ECDHE_RSA_WITH_3DES_EDE_CBC_SHA                 1024        58.84      18.82       16.6
TLS_ECDHE_RSA_WITH_3DES_EDE_CBC_SHA                16384       550.67      76.74       28.4
TLS_ECDHE_RSA_WITH_3DES_EDE_CBC_SHA                65536      2133.61     459.83       29.3
------------------------------------------------------------------------------------------
