Cipher Suite                                    Size (B)    Mean (µs)   Std (µs)       MB/s
------------------------------------------------------------------------------------------
TLS_AES_128_GCM_SHA256                                16        15.12      53.46        1.0
TLS_AES_128_GCM_SHA256                               512        12.15       2.13       40.2
TLS_AES_128_GCM_SHA256                              1024        12.72       2.65       76.8
TLS_AES_128_GCM_SHA256                             16384        16.69       2.69      936.4
TLS_AES_128_GCM_SHA256                             65536        29.82       5.50     2096.0
------------------------------------------------------------------------------------------
TLS_AES_256_GCM_SHA384                                16        11.14       2.04        1.4
TLS_AES_256_GCM_SHA384                               512        12.31       2.75       39.7
TLS_AES_256_GCM_SHA384                              1024        12.52       1.92       78.0
TLS_AES_256_GCM_SHA384                             16384        17.60       2.22      888.0
TLS_AES_256_GCM_SHA384                             65536        34.36       6.47     1819.0
------------------------------------------------------------------------------------------
TLS_CHACHA20_POLY1305_SHA256                          16         7.36       2.77        2.1
TLS_CHACHA20_POLY1305_SHA256                         512         8.13       2.91       60.0
TLS_CHACHA20_POLY1305_SHA256                        1024         8.38       2.48      116.6
TLS_CHACHA20_POLY1305_SHA256                       16384        16.37       1.78      954.4
TLS_CHACHA20_POLY1305_SHA256                       65536        44.74      29.67     1396.9
------------------------------------------------------------------------------------------
TLS_AES_128_CCM_SHA256                                16        12.14       3.10        1.3
TLS_AES_128_CCM_SHA256                               512        13.10       2.65       37.3
TLS_AES_128_CCM_SHA256                              1024        14.18       3.39       68.9
TLS_AES_128_CCM_SHA256                             16384        25.86       3.08      604.1
TLS_AES_128_CCM_SHA256                             65536        64.26       4.41      972.6
------------------------------------------------------------------------------------------
TLS_AES_128_CBC_SHA256                                16        40.88      20.10        0.4
TLS_AES_128_CBC_SHA256                               512        41.37       5.17       11.8
TLS_AES_128_CBC_SHA256                              1024        43.08       4.58       22.7
TLS_AES_128_CBC_SHA256                             16384        86.40       6.61      180.9
TLS_AES_128_CBC_SHA256                             65536       225.83      16.15      276.8
------------------------------------------------------------------------------------------
TLS_ECDHE_RSA_WITH_3DES_EDE_CBC_SHA                   16        25.36       4.93        0.6
TLS_ECDHE_RSA_WITH_3DES_EDE_CBC_SHA                  512        41.50       4.32       11.8
TLS_ECDHE_RSA_WITH_3DES_EDE_CBC_SHA                 1024        57.51       4.58       17.0
TLS_ECDHE_RSA_WITH_3DES_EDE_CBC_SHA                16384       538.05      15.58       29.0
TLS_ECDHE_RSA_WITH_3DES_EDE_CBC_SHA                65536      2256.72     843.72       27.7
------------------------------------------------------------------------------------------
