Cipher Suite                                    Size (B)    Mean (µs)   Std (µs)       MB/s
------------------------------------------------------------------------------------------
TLS_AES_128_GCM_SHA256                                16        14.80      49.33        1.0
TLS_AES_128_GCM_SHA256                               512        11.93       2.47       40.9
TLS_AES_128_GCM_SHA256                              1024        12.33       2.49       79.2
TLS_AES_128_GCM_SHA256                             16384        19.02      29.70      821.6
TLS_AES_128_GCM_SHA256                             65536        29.57       5.72     2113.3
------------------------------------------------------------------------------------------
TLS_AES_256_GCM_SHA384                                16        15.74      46.52        1.0
TLS_AES_256_GCM_SHA384                               512        12.57       5.14       38.8
TLS_AES_256_GCM_SHA384                              1024        12.18       2.06       80.2
TLS_AES_256_GCM_SHA384                             16384        19.15      22.44      816.0
TLS_AES_256_GCM_SHA384                             65536        33.51       3.95     1864.9
------------------------------------------------------------------------------------------
TLS_CHACHA20_POLY1305_SHA256                          16         7.56       3.81        2.0
TLS_CHACHA20_POLY1305_SHA256                         512        10.66      32.63       45.8
TLS_CHACHA20_POLY1305_SHA256                        1024         8.45       2.38      115.5
TLS_CHACHA20_POLY1305_SHA256                       16384        16.61       2.15      940.8
TLS_CHACHA20_POLY1305_SHA256                       65536        43.99      22.05     1420.8
------------------------------------------------------------------------------------------
TLS_AES_128_CCM_SHA256                                16        12.23       3.14        1.2
TLS_AES_128_CCM_SHA256                               512        14.63      18.60       33.4
TLS_AES_128_CCM_SHA256                              1024        13.51       1.88       72.3
TLS_AES_128_CCM_SHA256                             16384        26.19       3.60      596.6
TLS_AES_128_CCM_SHA256                             65536        66.86      26.54      934.8
------------------------------------------------------------------------------------------
TLS_AES_128_CBC_SHA256                                16        40.16      25.95        0.4
TLS_AES_128_CBC_SHA256                               512        39.52       4.77       12.4
TLS_AES_128_CBC_SHA256                              1024        42.28      16.57       23.1
TLS_AES_128_CBC_SHA256                             16384        87.47      25.31      178.6
TLS_AES_128_CBC_SHA256                             65536       228.91      41.58      273.0
------------------------------------------------------------------------------------------
TLS_ECDHE_RSA_WITH_3DES_EDE_CBC_SHA                   16        26.51      21.61        0.6
TLS_ECDHE_RSA_WITH_3DES_EDE_CBC_SHA                  512        42.83      21.38       11.4
TLS_ECDHE_RSA_WITH_3DES_EDE_CBC_SHA                 1024        61.32      24.20       15.9
TLS_ECDHE_RSA_WITH_3DES_EDE_CBC_SHA                16384       592.94     388.90       26.4
TLS_ECDHE_RSA_WITH_3DES_EDE_CBC_SHA                65536      2157.53     128.37       29.0
------------------------------------------------------------------------------------------
