Cipher Suite                                    Size (B)    Mean (µs)   Std (µs)       MB/s
------------------------------------------------------------------------------------------
TLS_AES_128_GCM_SHA256                                16        14.93      51.05        1.0
TLS_AES_128_GCM_SHA256                               512        11.95       2.33       40.9
TLS_AES_128_GCM_SHA256                              1024        22.00      34.65       44.4
TLS_AES_128_GCM_SHA256                             16384        36.27      46.73      430.8
TLS_AES_128_GCM_SHA256                             65536        73.55     319.62      849.8
------------------------------------------------------------------------------------------
TLS_AES_256_GCM_SHA384                                16        14.30      21.18        1.1
TLS_AES_256_GCM_SHA384                               512        38.73     293.21       12.6
TLS_AES_256_GCM_SHA384                              1024        12.33       2.31       79.2
TLS_AES_256_GCM_SHA384                             16384        41.44     200.26      377.0
TLS_AES_256_GCM_SHA384                             65536        62.69     244.14      996.9
------------------------------------------------------------------------------------------
TLS_CHACHA20_POLY1305_SHA256                          16        10.88      33.90        1.4
TLS_CHACHA20_POLY1305_SHA256                         512        10.11      16.86       48.3
TLS_CHACHA20_POLY1305_SHA256                        1024        10.63      17.83       91.8
TLS_CHACHA20_POLY1305_SHA256                       16384        26.42      47.35      591.5
TLS_CHACHA20_POLY1305_SHA256                       65536        75.70     169.06      825.6
------------------------------------------------------------------------------------------
TLS_AES_128_CCM_SHA256                                16        22.48     138.77        0.7
TLS_AES_128_CCM_SHA256                               512        21.05      37.95       23.2
TLS_AES_128_CCM_SHA256                              1024        30.24     163.78       32.3
TLS_AES_128_CCM_SHA256                             16384        36.98      61.88      422.5
TLS_AES_128_CCM_SHA256                             65536        93.86     219.19      665.9
------------------------------------------------------------------------------------------
TLS_AES_128_CBC_SHA256                                16        69.69     240.71        0.2
TLS_AES_128_CBC_SHA256                               512        60.78     158.90        8.0
TLS_AES_128_CBC_SHA256                              1024        80.85     265.58       12.1
TLS_AES_128_CBC_SHA256                             16384       121.44     190.11      128.7
TLS_AES_128_CBC_SHA256                             65536       348.93     456.21      179.1
------------------------------------------------------------------------------------------
TLS_ECDHE_RSA_WITH_3DES_EDE_CBC_SHA                   16        25.26       4.69        0.6
TLS_ECDHE_RSA_WITH_3DES_EDE_CBC_SHA                  512        76.59     198.00        6.4
TLS_ECDHE_RSA_WITH_3DES_EDE_CBC_SHA                 1024        88.27     184.32       11.1
TLS_ECDHE_RSA_WITH_3DES_EDE_CBC_SHA                16384       783.45     784.88       19.9
TLS_ECDHE_RSA_WITH_3DES_EDE_CBC_SHA                65536      2428.81     927.68       25.7
------------------------------------------------------------------------------------------
