Cipher Suite                                    Size (B)    Mean (µs)   Std (µs)       MB/s
------------------------------------------------------------------------------------------
TLS_AES_128_GCM_SHA256                                16        15.57      54.45        1.0
TLS_AES_128_GCM_SHA256                               512        12.14       3.29       40.2
TLS_AES_128_GCM_SHA256                              1024        12.50       3.38       78.2
TLS_AES_128_GCM_SHA256                             16384        16.80       5.45      929.9
TLS_AES_128_GCM_SHA256                             65536        29.70       5.23     2104.0
------------------------------------------------------------------------------------------
TLS_AES_256_GCM_SHA384                                16        12.02       3.96        1.3
TLS_AES_256_GCM_SHA384                               512        12.01       2.11       40.7
TLS_AES_256_GCM_SHA384                              1024        12.29       1.63       79.5
TLS_AES_256_GCM_SHA384                             16384        17.99       4.71      868.4
TLS_AES_256_GCM_SHA384                             65536        33.63       3.95     1858.5
------------------------------------------------------------------------------------------
TLS_CHACHA20_POLY1305_SHA256                          16         7.41       2.40        2.1
TLS_CHACHA20_POLY1305_SHA256                         512         8.02       1.79       60.9
TLS_CHACHA20_POLY1305_SHA256                        1024         8.59       1.75      113.6
TLS_CHACHA20_POLY1305_SHA256                       16384        16.57       2.19      943.1
TLS_CHACHA20_POLY1305_SHA256                       65536        43.42       5.97     1439.6
------------------------------------------------------------------------------------------
TLS_AES_128_CCM_SHA256                                16        12.44       2.73        1.2
TLS_AES_128_CCM_SHA256                               512        13.37       3.08       36.5
TLS_AES_128_CCM_SHA256                              1024        14.10       3.71       69.3
TLS_AES_128_CCM_SHA256                             16384        26.31       3.73      593.9
TLS_AES_128_CCM_SHA256                             65536        65.01       7.62      961.3
------------------------------------------------------------------------------------------
TLS_AES_128_CBC_SHA256                                16        39.12      16.78        0.4
TLS_AES_128_CBC_SHA256                               512        40.12       5.53       12.2
TLS_AES_128_CBC_SHA256                              1024        41.61       4.20       23.5
TLS_AES_128_CBC_SHA256                             16384        85.49       7.26      182.8
TLS_AES_128_CBC_SHA256                             65536       224.81      15.69      278.0
------------------------------------------------------------------------------------------
TLS_ECDHE_RSA_WITH_3DES_EDE_CBC_SHA                   16        25.58       6.90        0.6
TLS_ECDHE_RSA_WITH_3DES_EDE_CBC_SHA                  512        40.77       4.09       12.0
TLS_ECDHE_RSA_WITH_3DES_EDE_CBC_SHA                 1024        56.78       4.11       17.2
TLS_ECDHE_RSA_WITH_3DES_EDE_CBC_SHA                16384       559.34     143.60       27.9
TLS_ECDHE_RSA_WITH_3DES_EDE_CBC_SHA                65536      2056.91      41.58       30.4
------------------------------------------------------------------------------------------
