Cipher Suite                                    Size (B)    Mean (µs)   Std (µs)       MB/s
------------------------------------------------------------------------------------------
TLS_AES_128_GCM_SHA256                                16        16.72      52.63        0.9
TLS_AES_128_GCM_SHA256                               512        12.03       3.75       40.6
TLS_AES_128_GCM_SHA256                              1024        12.29       1.96       79.5
TLS_AES_128_GCM_SHA256                             16384        18.69      19.60      835.8
TLS_AES_128_GCM_SHA256                             65536        29.87       6.68     2092.4
------------------------------------------------------------------------------------------
TLS_AES_256_GCM_SHA384                                16        11.39       2.35        1.3
TLS_AES_256_GCM_SHA384                               512        13.59      18.66       35.9
TLS_AES_256_GCM_SHA384                              1024        12.45       2.05       78.4
TLS_AES_256_GCM_SHA384                             16384        17.74       1.95      880.6
TLS_AES_256_GCM_SHA384                             65536        34.97      16.78     1787.0
------------------------------------------------------------------------------------------
TLS_CHACHA20_POLY1305_SHA256                          16         7.53       2.61        2.0
TLS_CHACHA20_POLY1305_SHA256                         512         8.27       5.05       59.0
TLS_CHACHA20_POLY1305_SHA256                        1024         9.76      17.40      100.1
TLS_CHACHA20_POLY1305_SHA256                       16384        16.73       2.32      933.9
TLS_CHACHA20_POLY1305_SHA256                       65536        42.90      15.78     1457.0
------------------------------------------------------------------------------------------
TLS_AES_128_CCM_SHA256                                16        12.24       2.62        1.2
TLS_AES_128_CCM_SHA256                               512        13.58       3.16       36.0
TLS_AES_128_CCM_SHA256                              1024        15.49      20.19       63.1
TLS_AES_128_CCM_SHA256                             16384        26.46       3.67      590.5
TLS_AES_128_CCM_SHA256                             65536        70.25      34.29      889.7
------------------------------------------------------------------------------------------
TLS_AES_128_CBC_SHA256                                16        40.32      19.18        0.4
TLS_AES_128_CBC_SHA256                               512        42.25      20.18       11.6
TLS_AES_128_CBC_SHA256                              1024        44.75      34.26       21.8
TLS_AES_128_CBC_SHA256                             16384        90.91      32.46      171.9
TLS_AES_128_CBC_SHA256                             65536       249.27     196.18      250.7
------------------------------------------------------------------------------------------
TLS_ECDHE_RSA_WITH_3DES_EDE_CBC_SHA                   16        25.58       5.05        0.6
TLS_ECDHE_RSA_WITH_3DES_EDE_CBC_SHA                  512        50.41     113.94        9.7
TLS_ECDHE_RSA_WITH_3DES_EDE_CBC_SHA                 1024        59.41      21.13       16.4
TLS_ECDHE_RSA_WITH_3DES_EDE_CBC_SHA                16384       553.23      68.67       28.2
TLS_ECDHE_RSA_WITH_3DES_EDE_CBC_SHA                65536      2172.36     307.83       28.8
------------------------------------------------------------------------------------------
