Cipher Suite                                    Size (B)    Mean (µs)   Std (µs)       MB/s
------------------------------------------------------------------------------------------
TLS_AES_128_GCM_SHA256                                16        15.08      49.28        1.0
TLS_AES_128_GCM_SHA256                               512        13.52      18.08       36.1
TLS_AES_128_GCM_SHA256                              1024        13.58      15.88       71.9
TLS_AES_128_GCM_SHA256                             16384        17.09       3.20      914.1
TLS_AES_128_GCM_SHA256                             65536        34.31      27.85     1821.5
------------------------------------------------------------------------------------------
TLS_AES_256_GCM_SHA384                                16        11.61       3.13        1.3
TLS_AES_256_GCM_SHA384                               512        13.23      13.71       36.9
TLS_AES_256_GCM_SHA384                              1024        14.20      13.21       68.8
TLS_AES_256_GCM_SHA384                             16384        19.89      18.86      785.7
TLS_AES_256_GCM_SHA384                             65536        36.54      22.06     1710.2
------------------------------------------------------------------------------------------
TLS_CHACHA20_POLY1305_SHA256                          16         8.19      12.02        1.9
TLS_CHACHA20_POLY1305_SHA256                         512         9.00      13.07       54.2
TLS_CHACHA20_POLY1305_SHA256                        1024         9.52      13.18      102.6
TLS_CHACHA20_POLY1305_SHA256                       16384        19.84      23.61      787.5
TLS_CHACHA20_POLY1305_SHA256                       65536        45.75      20.16     1366.0
------------------------------------------------------------------------------------------
TLS_AES_128_CCM_SHA256                                16        12.62       3.87        1.2
TLS_AES_128_CCM_SHA256                               512        12.95       2.25       37.7
TLS_AES_128_CCM_SHA256                              1024        13.82       2.57       70.6
TLS_AES_128_CCM_SHA256                             16384        26.96      13.73      579.6
TLS_AES_128_CCM_SHA256                             65536        67.31      27.08      928.6
------------------------------------------------------------------------------------------
TLS_AES_128_CBC_SHA256                                16        41.52      23.57        0.4
TLS_AES_128_CBC_SHA256                               512        42.63      23.59       11.5
TLS_AES_128_CBC_SHA256                              1024        44.43      24.24       22.0
TLS_AES_128_CBC_SHA256                             16384        88.96      28.69      175.6
TLS_AES_128_CBC_SHA256                             65536       234.50      48.13      266.5
------------------------------------------------------------------------------------------
TLS_ECDHE_RSA_WITH_3DES_EDE_CBC_SHA                   16        34.98      57.13        0.4
TLS_ECDHE_RSA_WITH_3DES_EDE_CBC_SHA                  512        47.11      39.71       10.4
TLS_ECDHE_RSA_WITH_3DES_EDE_CBC_SHA                 1024        65.36      37.85       14.9
TLS_ECDHE_RSA_WITH_3DES_EDE_CBC_SHA                16384       612.62     120.53       25.5
TLS_ECDHE_RSA_WITH_3DES_EDE_CBC_SHA                65536      2345.21     363.64       26.7
------------------------------------------------------------------------------------------
