Cipher Suite                                    Size (B)    Mean (µs)   Std (µs)       MB/s
------------------------------------------------------------------------------------------
TLS_AES_128_GCM_SHA256                                16        14.90      50.12        1.0
TLS_AES_128_GCM_SHA256                               512        14.31      21.89       34.1
TLS_AES_128_GCM_SHA256                              1024        12.15       2.43       80.4
TLS_AES_128_GCM_SHA256                             16384        17.09       5.69      914.3
TLS_AES_128_GCM_SHA256                             65536        32.06      25.78     1949.7
------------------------------------------------------------------------------------------
TLS_AES_256_GCM_SHA384                                16        11.43       2.35        1.3
TLS_AES_256_GCM_SHA384                               512        14.15      26.13       34.5
TLS_AES_256_GCM_SHA384                              1024        14.05      22.48       69.5
TLS_AES_256_GCM_SHA384                             16384        17.78       2.84      878.9
TLS_AES_256_GCM_SHA384                             65536        35.29      21.98     1770.8
------------------------------------------------------------------------------------------
TLS_CHACHA20_POLY1305_SHA256                          16         7.51       3.40        2.0
TLS_CHACHA20_POLY1305_SHA256                         512         7.80       2.12       62.6
TLS_CHACHA20_POLY1305_SHA256                        1024         8.21       0.61      118.9
TLS_CHACHA20_POLY1305_SHA256                       16384        18.40      22.71      849.1
TLS_CHACHA20_POLY1305_SHA256                       65536        44.35      24.17     1409.4
------------------------------------------------------------------------------------------
TLS_AES_128_CCM_SHA256                                16        12.34       3.33        1.2
TLS_AES_128_CCM_SHA256                               512        13.28       3.42       36.8
TLS_AES_128_CCM_SHA256                              1024        13.39       2.03       72.9
TLS_AES_128_CCM_SHA256                             16384        27.92      21.39      559.7
TLS_AES_128_CCM_SHA256                             65536        66.13      23.13      945.1
------------------------------------------------------------------------------------------
TLS_AES_128_CBC_SHA256                                16        41.13      28.33        0.4
TLS_AES_128_CBC_SHA256                               512        41.13      22.58       11.9
TLS_AES_128_CBC_SHA256                              1024        43.59      25.71       22.4
TLS_AES_128_CBC_SHA256                             16384        85.95      21.93      181.8
TLS_AES_128_CBC_SHA256                             65536       230.32      46.44      271.4
------------------------------------------------------------------------------------------
TLS_ECDHE_RSA_WITH_3DES_EDE_CBC_SHA                   16        24.72       4.24        0.6
TLS_ECDHE_RSA_WITH_3DES_EDE_CBC_SHA                  512        43.42      22.44       11.2
TLS_ECDHE_RSA_WITH_3DES_EDE_CBC_SHA                 1024        58.65      20.87       16.6
TLS_ECDHE_RSA_WITH_3DES_EDE_CBC_SHA                16384       549.26      82.70       28.4
TLS_ECDHE_RSA_WITH_3DES_EDE_CBC_SHA                65536      2055.52      76.97       30.4
------------------------------------------------------------------------------------------
