Cipher Suite                                    Size (B)    Mean (µs)   Std (µs)       MB/s
------------------------------------------------------------------------------------------
TLS_AES_128_GCM_SHA256                                16        17.24      75.98        0.9
TLS_AES_128_GCM_SHA256                               512        12.42       4.33       39.3
TLS_AES_128_GCM_SHA256                              1024        12.17       2.24       80.3
TLS_AES_128_GCM_SHA256                             16384        18.32      19.57      853.1
TLS_AES_128_GCM_SHA256                             65536        29.40       5.76     2125.8
------------------------------------------------------------------------------------------
TLS_AES_256_GCM_SHA384                                16        11.25       2.16        1.4
TLS_AES_256_GCM_SHA384                               512        12.28       4.02       39.8
TLS_AES_256_GCM_SHA384                              1024        12.73       3.05       76.7
TLS_AES_256_GCM_SHA384                             16384        17.58       2.46      888.9
TLS_AES_256_GCM_SHA384                             65536        34.70      20.44     1801.1
------------------------------------------------------------------------------------------
TLS_CHACHA20_POLY1305_SHA256                          16         7.39       2.26        2.1
TLS_CHACHA20_POLY1305_SHA256                         512         7.97       1.64       61.3
TLS_CHACHA20_POLY1305_SHA256                        1024        10.27      16.92       95.1
TLS_CHACHA20_POLY1305_SHA256                       16384        16.60       2.46      941.3
TLS_CHACHA20_POLY1305_SHA256                       65536        43.99      18.04     1420.7
------------------------------------------------------------------------------------------
TLS_AES_128_CCM_SHA256                                16        12.15       2.81        1.3
TLS_AES_128_CCM_SHA256                               512        13.10       1.91       37.3
TLS_AES_128_CCM_SHA256                              1024        15.36      18.24       63.6
TLS_AES_128_CCM_SHA256                             16384        26.06       2.82      599.6
TLS_AES_128_CCM_SHA256                             65536       101.90     486.61      613.4
------------------------------------------------------------------------------------------
TLS_AES_128_CBC_SHA256                                16        46.52     106.71        0.3
TLS_AES_128_CBC_SHA256                               512        94.81     771.91        5.2
TLS_AES_128_CBC_SHA256                              1024        43.66      22.93       22.4
TLS_AES_128_CBC_SHA256                             16384        88.28      34.53      177.0
TLS_AES_128_CBC_SHA256                             65536       223.03      13.20      280.2
------------------------------------------------------------------------------------------
TLS_ECDHE_RSA_WITH_3DES_EDE_CBC_SHA                   16        24.76       5.06        0.6
TLS_ECDHE_RSA_WITH_3DES_EDE_CBC_SHA                  512        41.47       4.77       11.8
TLS_ECDHE_RSA_WITH_3DES_EDE_CBC_SHA                 1024        58.17       7.48       16.8
TLS_ECDHE_RSA_WITH_3DES_EDE_CBC_SHA                16384       569.21     144.04       27.5
TLS_ECDHE_RSA_WITH_3DES_EDE_CBC_SHA                65536      2085.78      33.26       30.0
------------------------------------------------------------------------------------------
