Cipher Suite                                    Size (B)    Mean (µs)   Std (µs)       MB/s
------------------------------------------------------------------------------------------
TLS_AES_128_GCM_SHA256                                16        14.80      47.83        1.0
TLS_AES_128_GCM_SHA256                               512        12.27       2.71       39.8
TLS_AES_128_GCM_SHA256                              1024        12.38       3.14       78.9
TLS_AES_128_GCM_SHA256                             16384        16.89       3.28      925.2
TLS_AES_128_GCM_SHA256                             65536        30.07       5.88     2078.7
------------------------------------------------------------------------------------------
TLS_AES_256_GCM_SHA384                                16        11.35       2.38        1.3
TLS_AES_256_GCM_SHA384                               512        11.96       1.76       40.8
TLS_AES_256_GCM_SHA384                              1024        12.40       2.45       78.7
TLS_AES_256_GCM_SHA384                             16384        17.60       2.17      887.6
TLS_AES_256_GCM_SHA384                             65536        33.57       5.21     1861.6
------------------------------------------------------------------------------------------
TLS_CHACHA20_POLY1305_SHA256                          16         7.54       2.66        2.0
TLS_CHACHA20_POLY1305_SHA256                         512         7.86       1.95       62.1
TLS_CHACHA20_POLY1305_SHA256                        1024         8.39       1.79      116.4
TLS_CHACHA20_POLY1305_SHA256                       16384        16.56       1.71      943.8
TLS_CHACHA20_POLY1305_SHA256                       65536        42.52       4.76     1470.0
------------------------------------------------------------------------------------------
TLS_AES_128_CCM_SHA256                                16        12.36       2.60        1.2
TLS_AES_128_CCM_SHA256                               512        13.37       2.52       36.5
TLS_AES_128_CCM_SHA256                              1024        13.69       1.82       71.4
TLS_AES_128_CCM_SHA256                             16384        26.55       4.26      588.5
TLS_AES_128_CCM_SHA256                             65536        64.97       7.30      962.0
------------------------------------------------------------------------------------------
TLS_AES_128_CBC_SHA256                                16        38.88      17.46        0.4
TLS_AES_128_CBC_SHA256                               512        89.33     570.78        5.5
TLS_AES_128_CBC_SHA256                              1024        46.88      27.58       20.8
TLS_AES_128_CBC_SHA256                             16384        87.74      26.95      178.1
TLS_AES_128_CBC_SHA256                             65536       227.61      34.31      274.6
------------------------------------------------------------------------------------------
TLS_ECDHE_RSA_WITH_3DES_EDE_CBC_SHA                   16        26.29      17.72        0.6
TLS_ECDHE_RSA_WITH_3DES_EDE_CBC_SHA                  512        41.74      14.15       11.7
TLS_ECDHE_RSA_WITH_3DES_EDE_CBC_SHA                 1024        58.41      14.48       16.7
TLS_ECDHE_RSA_WITH_3DES_EDE_CBC_SHA                16384       544.45     127.35       28.7
TLS_ECDHE_RSA_WITH_3DES_EDE_CBC_SHA                65536      2099.56     295.30       29.8
------------------------------------------------------------------------------------------
