Cipher Suite                                    Size (B)    Mean (µs)   Std (µs)       MB/s
------------------------------------------------------------------------------------------
TLS_AES_128_GCM_SHA256                                16        14.98      50.73        1.0
TLS_AES_128_GCM_SHA256                               512        14.14      21.76       34.5
TLS_AES_128_GCM_SHA256                              1024        12.33       2.38       79.2
TLS_AES_128_GCM_SHA256                             16384        17.27       4.03      905.0
TLS_AES_128_GCM_SHA256                             65536        31.35      21.79     1993.9
------------------------------------------------------------------------------------------
TLS_AES_256_GCM_SHA384                                16        11.45       2.72        1.3
TLS_AES_256_GCM_SHA384                               512        11.73       2.04       41.6
TLS_AES_256_GCM_SHA384                              1024        13.61      20.56       71.8
TLS_AES_256_GCM_SHA384                             16384        17.97       4.14      869.3
TLS_AES_256_GCM_SHA384                             65536        35.72      24.52     1749.5
------------------------------------------------------------------------------------------
TLS_CHACHA20_POLY1305_SHA256                          16         7.31       2.86        2.1
TLS_CHACHA20_POLY1305_SHA256                         512         7.75       2.01       63.0
TLS_CHACHA20_POLY1305_SHA256                        1024         8.20       0.62      119.1
TLS_CHACHA20_POLY1305_SHA256                       16384        17.76      18.07      879.8
TLS_CHACHA20_POLY1305_SHA256                       65536        42.44       4.90     1472.5
------------------------------------------------------------------------------------------
TLS_AES_128_CCM_SHA256                                16        13.63      17.03        1.1
TLS_AES_128_CCM_SHA256                               512        13.04       2.83       37.4
TLS_AES_128_CCM_SHA256                              1024        13.73       2.64       71.1
TLS_AES_128_CCM_SHA256                             16384        26.43       4.57      591.2
TLS_AES_128_CCM_SHA256                             65536        63.86       4.02      978.7
------------------------------------------------------------------------------------------
TLS_AES_128_CBC_SHA256                                16        39.14      16.41        0.4
TLS_AES_128_CBC_SHA256                               512        39.62       6.74       12.3
TLS_AES_128_CBC_SHA256                              1024        41.31       4.53       23.6
TLS_AES_128_CBC_SHA256                             16384        86.66      29.70      180.3
TLS_AES_128_CBC_SHA256                             65536       223.25      12.82      280.0
------------------------------------------------------------------------------------------
TLS_ECDHE_RSA_WITH_3DES_EDE_CBC_SHA                   16        24.57       5.05        0.6
TLS_ECDHE_RSA_WITH_3DES_EDE_CBC_SHA                  512        41.25       4.95       11.8
TLS_ECDHE_RSA_WITH_3DES_EDE_CBC_SHA                 1024        57.14       5.19       17.1
TLS_ECDHE_RSA_WITH_3DES_EDE_CBC_SHA                16384       540.17      38.11       28.9
TLS_ECDHE_RSA_WITH_3DES_EDE_CBC_SHA                65536      2105.72     276.08       29.7
------------------------------------------------------------------------------------------
