Cipher Suite                                    Size (B)    Mean (µs)   Std (µs)       MB/s
------------------------------------------------------------------------------------------
TLS_AES_128_GCM_SHA256                                16        14.65      50.15        1.0
TLS_AES_128_GCM_SHA256                               512        11.89       3.12       41.1
TLS_AES_128_GCM_SHA256                              1024        12.02       1.96       81.3
TLS_AES_128_GCM_SHA256                             16384        18.08      19.49      864.4
TLS_AES_128_GCM_SHA256                             65536        29.55       5.63     2115.2
------------------------------------------------------------------------------------------
TLS_AES_256_GCM_SHA384                                16        12.99      18.78        1.2
TLS_AES_256_GCM_SHA384                               512        11.80       1.76       41.4
TLS_AES_256_GCM_SHA384                              1024        12.05       2.04       81.1
TLS_AES_256_GCM_SHA384                             16384        18.94      20.96      824.8
TLS_AES_256_GCM_SHA384                             65536        33.75       4.83     1851.6
------------------------------------------------------------------------------------------
TLS_CHACHA20_POLY1305_SHA256                          16         7.46       3.07        2.0
TLS_CHACHA20_POLY1305_SHA256                         512         9.33      19.87       52.3
TLS_CHACHA20_POLY1305_SHA256                        1024         7.99       0.67      122.3
TLS_CHACHA20_POLY1305_SHA256                       16384        16.10       1.82      970.4
TLS_CHACHA20_POLY1305_SHA256                       65536        43.65      25.45     1431.9
------------------------------------------------------------------------------------------
TLS_AES_128_CCM_SHA256                                16        11.92       2.75        1.3
TLS_AES_128_CCM_SHA256                               512        12.79       2.15       38.2
TLS_AES_128_CCM_SHA256                              1024        13.61       2.88       71.8
TLS_AES_128_CCM_SHA256                             16384        25.54       3.04      611.9
TLS_AES_128_CCM_SHA256                             65536        66.76      26.49      936.2
------------------------------------------------------------------------------------------
TLS_AES_128_CBC_SHA256                                16        39.48      17.49        0.4
TLS_AES_128_CBC_SHA256                               512        41.89      19.76       11.7
TLS_AES_128_CBC_SHA256                              1024        43.59      19.38       22.4
TLS_AES_128_CBC_SHA256                             16384        87.80      28.27      178.0
TLS_AES_128_CBC_SHA256                             65536       229.44      42.22      272.4
------------------------------------------------------------------------------------------
TLS_ECDHE_RSA_WITH_3DES_EDE_CBC_SHA                   16        27.48      30.52        0.6
TLS_ECDHE_RSA_WITH_3DES_EDE_CBC_SHA                  512        43.06      17.91       11.3
TLS_ECDHE_RSA_WITH_3DES_EDE_CBC_SHA                 1024        59.49      21.47       16.4
TLS_ECDHE_RSA_WITH_3DES_EDE_CBC_SHA                16384       558.56     102.24       28.0
TLS_ECDHE_RSA_WITH_3DES_EDE_CBC_SHA                65536      2207.25    1166.80       28.3
------------------------------------------------------------------------------------------
