Cipher Suite                                    Size (B)    Mean (µs)   Std (µs)       MB/s
------------------------------------------------------------------------------------------
TLS_AES_128_GCM_SHA256                                16        14.79      50.01        1.0
TLS_AES_128_GCM_SHA256                               512        11.91       2.24       41.0
TLS_AES_128_GCM_SHA256                              1024        12.17       2.36       80.2
TLS_AES_128_GCM_SHA256                             16384        16.42       3.14      951.5
TLS_AES_128_GCM_SHA256                             65536        29.23       5.26     2138.4
------------------------------------------------------------------------------------------
TLS_AES_256_GCM_SHA384                                16        11.58       2.80        1.3
TLS_AES_256_GCM_SHA384                               512        12.03       1.89       40.6
TLS_AES_256_GCM_SHA384                              1024        12.84       2.86       76.0
TLS_AES_256_GCM_SHA384                             16384        18.18       2.88      859.5
TLS_AES_256_GCM_SHA384                             65536        58.08      87.79     1076.1
------------------------------------------------------------------------------------------
TLS_CHACHA20_POLY1305_SHA256                          16         7.70       2.94        2.0
TLS_CHACHA20_POLY1305_SHA256                         512         8.30       2.09       58.9
TLS_CHACHA20_POLY1305_SHA256                        1024         8.71       1.81      112.2
TLS_CHACHA20_POLY1305_SHA256                       16384        17.06       2.50      915.9
TLS_CHACHA20_POLY1305_SHA256                       65536        43.78       4.59     1427.6
------------------------------------------------------------------------------------------
TLS_AES_128_CCM_SHA256                                16        12.52       2.77        1.2
TLS_AES_128_CCM_SHA256                               512        13.88       2.54       35.2
TLS_AES_128_CCM_SHA256                              1024        14.17       1.87       68.9
TLS_AES_128_CCM_SHA256                             16384        26.48       3.01      590.2
TLS_AES_128_CCM_SHA256                             65536        64.77       6.87      965.0
------------------------------------------------------------------------------------------
TLS_AES_128_CBC_SHA256                                16        40.31      19.41        0.4
TLS_AES_128_CBC_SHA256                               512        41.30      16.46       11.8
TLS_AES_128_CBC_SHA256                              1024        40.79       3.74       23.9
TLS_AES_128_CBC_SHA256                             16384        84.60       8.01      184.7
TLS_AES_128_CBC_SHA256                             65536       227.22      13.31      275.1
------------------------------------------------------------------------------------------
TLS_ECDHE_RSA_WITH_3DES_EDE_CBC_SHA                   16        25.02       5.78        0.6
TLS_ECDHE_RSA_WITH_3DES_EDE_CBC_SHA                  512        40.90       4.12       11.9
TLS_ECDHE_RSA_WITH_3DES_EDE_CBC_SHA                 1024        57.93       4.38       16.9
TLS_ECDHE_RSA_WITH_3DES_EDE_CBC_SHA                16384       537.92      18.52       29.0
TLS_ECDHE_RSA_WITH_3DES_EDE_CBC_SHA                65536      2070.42      42.06       30.2
------------------------------------------------------------------------------------------
