Cipher Suite                                    Size (B)    Mean (µs)   Std (µs)       MB/s
------------------------------------------------------------------------------------------
TLS_AES_128_GCM_SHA256                                16        14.71      49.35        1.0
TLS_AES_128_GCM_SHA256                               512        11.84       2.68       41.2
TLS_AES_128_GCM_SHA256                              1024        13.64      19.29       71.6
TLS_AES_128_GCM_SHA256                             16384        16.70       3.79      935.8
TLS_AES_128_GCM_SHA256                             65536        53.75     343.07     1162.7
------------------------------------------------------------------------------------------
TLS_AES_256_GCM_SHA384                                16        11.15       2.47        1.4
TLS_AES_256_GCM_SHA384                               512        14.59      24.01       33.5
TLS_AES_256_GCM_SHA384                              1024        12.42       2.81       78.6
TLS_AES_256_GCM_SHA384                             16384        17.98       3.77      868.9
TLS_AES_256_GCM_SHA384                             65536        35.63      32.88     1754.1
------------------------------------------------------------------------------------------
TLS_CHACHA20_POLY1305_SHA256                          16         7.34       2.78        2.1
TLS_CHACHA20_POLY1305_SHA256                         512         7.63       1.91       64.0
TLS_CHACHA20_POLY1305_SHA256                        1024         9.87      20.74       99.0
TLS_CHACHA20_POLY1305_SHA256                       16384        16.43       2.26      951.0
TLS_CHACHA20_POLY1305_SHA256                       65536        43.21      19.94     1446.3
------------------------------------------------------------------------------------------
TLS_AES_128_CCM_SHA256                                16        12.18       3.10        1.3
TLS_AES_128_CCM_SHA256                               512        12.67       1.93       38.5
TLS_AES_128_CCM_SHA256                              1024        14.97      21.55       65.2
TLS_AES_128_CCM_SHA256                             16384        25.55       2.48      611.6
TLS_AES_128_CCM_SHA256                             65536        66.12      27.78      945.3
------------------------------------------------------------------------------------------
TLS_AES_128_CBC_SHA256                                16        41.28      31.16        0.4
TLS_AES_128_CBC_SHA256                               512        41.63      19.87       11.7
TLS_AES_128_CBC_SHA256                              1024        43.25      20.38       22.6
TLS_AES_128_CBC_SHA256                             16384        88.15      28.16      177.3
TLS_AES_128_CBC_SHA256                             65536       229.46      44.96      272.4
------------------------------------------------------------------------------------------
TLS_ECDHE_RSA_WITH_3DES_EDE_CBC_SHA                   16        26.14      19.95        0.6
TLS_ECDHE_RSA_WITH_3DES_EDE_CBC_SHA                  512        42.17      20.07       11.6
TLS_ECDHE_RSA_WITH_3DES_EDE_CBC_SHA                 1024        59.06      28.39       16.5
TLS_ECDHE_RSA_WITH_3DES_EDE_CBC_SHA                16384       568.78     159.53       27.5
TLS_ECDHE_RSA_WITH_3DES_EDE_CBC_SHA                65536      2065.93     128.51       30.3
------------------------------------------------------------------------------------------
