Cipher Suite                                    Size (B)    Mean (µs)   Std (µs)       MB/s
------------------------------------------------------------------------------------------
TLS_AES_128_GCM_SHA256                                16        21.15      64.08        0.7
TLS_AES_128_GCM_SHA256                               512        15.85      26.30       30.8
TLS_AES_128_GCM_SHA256                              1024        12.98      12.48       75.2
TLS_AES_128_GCM_SHA256                             16384        17.51      12.63      892.5
TLS_AES_128_GCM_SHA256                             65536        31.76      18.74     1968.1
------------------------------------------------------------------------------------------
TLS_AES_256_GCM_SHA384                                16        12.14      12.95        1.3
TLS_AES_256_GCM_SHA384                               512        11.87       1.88       41.1
TLS_AES_256_GCM_SHA384                              1024        15.49      22.86       63.1
TLS_AES_256_GCM_SHA384                             16384        21.95      29.33      711.8
TLS_AES_256_GCM_SHA384                             65536        38.76      28.57     1612.5
------------------------------------------------------------------------------------------
TLS_CHACHA20_POLY1305_SHA256                          16         8.28      12.68        1.8
TLS_CHACHA20_POLY1305_SHA256                         512         7.67       1.08       63.6
TLS_CHACHA20_POLY1305_SHA256                        1024         8.21       1.76      118.9
TLS_CHACHA20_POLY1305_SHA256                       16384        16.59       3.22      942.0
TLS_CHACHA20_POLY1305_SHA256                       65536        49.80      35.14     1255.1
------------------------------------------------------------------------------------------
TLS_AES_128_CCM_SHA256                                16        13.02      13.07        1.2
TLS_AES_128_CCM_SHA256                               512        12.89       1.83       37.9
TLS_AES_128_CCM_SHA256                              1024        13.48       1.67       72.5
TLS_AES_128_CCM_SHA256                             16384        27.42      15.92      569.8
TLS_AES_128_CCM_SHA256                             65536        64.82      13.59      964.2
------------------------------------------------------------------------------------------
TLS_AES_128_CBC_SHA256                                16        43.74      37.66        0.3
TLS_AES_128_CBC_SHA256                               512        42.16      23.52       11.6
TLS_AES_128_CBC_SHA256                              1024        40.99       4.89       23.8
TLS_AES_128_CBC_SHA256                             16384        85.96      20.44      181.8
TLS_AES_128_CBC_SHA256                             65536       236.49      69.14      264.3
------------------------------------------------------------------------------------------
TLS_ECDHE_RSA_WITH_3DES_EDE_CBC_SHA                   16        24.64       4.14        0.6
TLS_ECDHE_RSA_WITH_3DES_EDE_CBC_SHA                  512        43.66      23.56       11.2
TLS_ECDHE_RSA_WITH_3DES_EDE_CBC_SHA                 1024        59.57      25.20       16.4
TLS_ECDHE_RSA_WITH_3DES_EDE_CBC_SHA                16384       596.50     136.63       26.2
TLS_ECDHE_RSA_WITH_3DES_EDE_CBC_SHA                65536      2496.01     512.16       25.0
------------------------------------------------------------------------------------------
