Cipher Suite                                    Size (B)    Mean (µs)   Std (µs)       MB/s
------------------------------------------------------------------------------------------
TLS_AES_128_GCM_SHA256                                16        19.52      71.71        0.8
TLS_AES_128_GCM_SHA256                               512        14.88      21.09       32.8
TLS_AES_128_GCM_SHA256                              1024        14.33      16.46       68.2
TLS_AES_128_GCM_SHA256                             16384        19.03      20.60      821.0
TLS_AES_128_GCM_SHA256                             65536        30.90      13.96     2022.8
------------------------------------------------------------------------------------------
TLS_AES_256_GCM_SHA384                                16        11.77       3.11        1.3
TLS_AES_256_GCM_SHA384                               512        12.23       2.17       39.9
TLS_AES_256_GCM_SHA384                              1024        14.31      17.59       68.3
TLS_AES_256_GCM_SHA384                             16384        19.18      13.77      814.7
TLS_AES_256_GCM_SHA384                             65536        34.79      13.30     1796.4
------------------------------------------------------------------------------------------
TLS_CHACHA20_POLY1305_SHA256                          16         8.68      18.34        1.8
TLS_CHACHA20_POLY1305_SHA256                         512         7.97       1.59       61.3
TLS_CHACHA20_POLY1305_SHA256                        1024         8.51       1.62      114.8
TLS_CHACHA20_POLY1305_SHA256                       16384        17.84      13.04      875.7
TLS_CHACHA20_POLY1305_SHA256                       65536        48.59      29.87     1286.3
------------------------------------------------------------------------------------------
TLS_AES_128_CCM_SHA256                                16        15.17      21.34        1.0
TLS_AES_128_CCM_SHA256                               512        16.81      23.48       29.1
TLS_AES_128_CCM_SHA256                              1024        16.70      20.18       58.5
TLS_AES_128_CCM_SHA256                             16384        34.12      36.40      458.0
TLS_AES_128_CCM_SHA256                             65536        80.50      45.72      776.4
------------------------------------------------------------------------------------------
TLS_AES_128_CBC_SHA256                                16        48.84      43.94        0.3
TLS_AES_128_CBC_SHA256                               512        46.45      31.88       10.5
TLS_AES_128_CBC_SHA256                              1024        53.28      41.24       18.3
TLS_AES_128_CBC_SHA256                             16384       103.30      48.49      151.3
TLS_AES_128_CBC_SHA256                             65536       276.93      78.91      225.7
------------------------------------------------------------------------------------------
TLS_ECDHE_RSA_WITH_3DES_EDE_CBC_SHA                   16        30.70      31.41        0.5
TLS_ECDHE_RSA_WITH_3DES_EDE_CBC_SHA                  512        58.84      78.70        8.3
TLS_ECDHE_RSA_WITH_3DES_EDE_CBC_SHA                 1024        72.15      43.85       13.5
TLS_ECDHE_RSA_WITH_3DES_EDE_CBC_SHA                16384       669.87     103.67       23.3
TLS_ECDHE_RSA_WITH_3DES_EDE_CBC_SHA                65536      2512.42     436.93       24.9
------------------------------------------------------------------------------------------
