Cipher Suite                                    Size (B)    Mean (µs)   Std (µs)       MB/s
------------------------------------------------------------------------------------------
TLS_AES_128_GCM_SHA256                                16        15.59      57.99        1.0
TLS_AES_128_GCM_SHA256                               512        11.86       2.52       41.2
TLS_AES_128_GCM_SHA256                              1024        12.30       1.96       79.4
TLS_AES_128_GCM_SHA256                             16384        18.51      21.48      844.1
TLS_AES_128_GCM_SHA256                             65536        31.34       9.81     1994.0
------------------------------------------------------------------------------------------
TLS_AES_256_GCM_SHA384                                16        13.20      20.18        1.2
TLS_AES_256_GCM_SHA384                               512        12.03       1.96       40.6
TLS_AES_256_GCM_SHA384                              1024        12.96       5.14       75.4
TLS_AES_256_GCM_SHA384                             16384        19.40      22.53      805.3
TLS_AES_256_GCM_SHA384                             65536        33.56       3.66     1862.4
------------------------------------------------------------------------------------------
TLS_CHACHA20_POLY1305_SHA256                          16         9.38      20.27        1.6
TLS_CHACHA20_POLY1305_SHA256                         512         8.26       2.03       59.1
TLS_CHACHA20_POLY1305_SHA256                        1024         8.72       1.84      111.9
TLS_CHACHA20_POLY1305_SHA256                       16384        16.97       2.38      920.9
TLS_CHACHA20_POLY1305_SHA256                       65536        44.43      21.21     1406.8
------------------------------------------------------------------------------------------
TLS_AES_128_CCM_SHA256                                16        12.29       2.80        1.2
TLS_AES_128_CCM_SHA256                               512        14.28      17.63       34.2
TLS_AES_128_CCM_SHA256                              1024        13.86       2.86       70.5
TLS_AES_128_CCM_SHA256                             16384        26.13       2.97      598.0
TLS_AES_128_CCM_SHA256                             65536        65.92      22.02      948.2
------------------------------------------------------------------------------------------
TLS_AES_128_CBC_SHA256                                16        41.42      26.62        0.4
TLS_AES_128_CBC_SHA256                               512        39.78       4.36       12.3
TLS_AES_128_CBC_SHA256                              1024        43.06      18.77       22.7
TLS_AES_128_CBC_SHA256                             16384        87.66      27.60      178.2
TLS_AES_128_CBC_SHA256                             65536       240.22      85.81      260.2
------------------------------------------------------------------------------------------
TLS_ECDHE_RSA_WITH_3DES_EDE_CBC_SHA                   16        55.02      96.37        0.3
TLS_ECDHE_RSA_WITH_3DES_EDE_CBC_SHA                  512        43.23      22.66       11.3
TLS_ECDHE_RSA_WITH_3DES_EDE_CBC_SHA                 1024        61.46      28.52       15.9
TLS_ECDHE_RSA_WITH_3DES_EDE_CBC_SHA                16384       543.41      63.94       28.8
TLS_ECDHE_RSA_WITH_3DES_EDE_CBC_SHA                65536      2053.93      62.89       30.4
------------------------------------------------------------------------------------------
