Cipher Suite                                    Size (B)    Mean (µs)   Std (µs)       MB/s
------------------------------------------------------------------------------------------
TLS_AES_128_GCM_SHA256                                16        14.61      50.17        1.0
TLS_AES_128_GCM_SHA256                               512        11.94       2.58       40.9
TLS_AES_128_GCM_SHA256                              1024        13.96      18.90       70.0
TLS_AES_128_GCM_SHA256                             16384        16.98       3.30      920.1
TLS_AES_128_GCM_SHA256                             65536        31.89      25.54     1959.9
------------------------------------------------------------------------------------------
TLS_AES_256_GCM_SHA384                                16        11.05       2.15        1.4
TLS_AES_256_GCM_SHA384                               512        12.32       2.29       39.6
TLS_AES_256_GCM_SHA384                              1024        12.68       2.53       77.0
TLS_AES_256_GCM_SHA384                             16384        19.44      17.40      803.8
TLS_AES_256_GCM_SHA384                             65536        34.69       5.97     1801.9
------------------------------------------------------------------------------------------
TLS_CHACHA20_POLY1305_SHA256                          16         8.45      17.69        1.8
TLS_CHACHA20_POLY1305_SHA256                         512         8.02       1.68       60.9
TLS_CHACHA20_POLY1305_SHA256                        1024         8.52       1.63      114.6
TLS_CHACHA20_POLY1305_SHA256                       16384        17.02       2.91      918.0
TLS_CHACHA20_POLY1305_SHA256                       65536        45.58      19.97     1371.2
------------------------------------------------------------------------------------------
TLS_AES_128_CCM_SHA256                                16        14.01      21.57        1.1
TLS_AES_128_CCM_SHA256                               512        13.54       3.09       36.1
TLS_AES_128_CCM_SHA256                              1024        14.60       3.18       66.9
TLS_AES_128_CCM_SHA256                             16384        28.36      20.48      550.9
TLS_AES_128_CCM_SHA256                             65536        72.59      60.42      861.0
------------------------------------------------------------------------------------------
TLS_AES_128_CBC_SHA256                                16        40.10      26.75        0.4
TLS_AES_128_CBC_SHA256                               512        41.99      25.15       11.6
TLS_AES_128_CBC_SHA256                              1024        42.26      20.72       23.1
TLS_AES_128_CBC_SHA256                             16384        85.44      19.39      182.9
TLS_AES_128_CBC_SHA256                             65536       229.23      42.38      272.6
------------------------------------------------------------------------------------------
TLS_ECDHE_RSA_WITH_3DES_EDE_CBC_SHA                   16        24.48       3.96        0.6
TLS_ECDHE_RSA_WITH_3DES_EDE_CBC_SHA                  512        42.32      19.87       11.5
TLS_ECDHE_RSA_WITH_3DES_EDE_CBC_SHA                 1024        58.09      18.74       16.8
TLS_ECDHE_RSA_WITH_3DES_EDE_CBC_SHA                16384       602.08     762.74       26.0
TLS_ECDHE_RSA_WITH_3DES_EDE_CBC_SHA                65536      2161.59     531.37       28.9
------------------------------------------------------------------------------------------
