Cipher Suite                                    Size (B)    Mean (µs)   Std (µs)       MB/s
------------------------------------------------------------------------------------------
TLS_AES_128_GCM_SHA256                                16        14.56      48.73        1.0
TLS_AES_128_GCM_SHA256                               512        13.41      21.33       36.4
TLS_AES_128_GCM_SHA256                              1024        12.02       2.26       81.2
TLS_AES_128_GCM_SHA256                             16384        17.51      13.00      892.4
TLS_AES_128_GCM_SHA256                             65536        32.80      36.76     1905.6
------------------------------------------------------------------------------------------
TLS_AES_256_GCM_SHA384                                16        11.79       4.86        1.3
TLS_AES_256_GCM_SHA384                               512        12.03       2.83       40.6
TLS_AES_256_GCM_SHA384                              1024        15.45      40.48       63.2
TLS_AES_256_GCM_SHA384                             16384        17.88       3.44      874.1
TLS_AES_256_GCM_SHA384                             65536        36.39      22.76     1717.6
------------------------------------------------------------------------------------------
TLS_CHACHA20_POLY1305_SHA256                          16         7.81       3.60        2.0
TLS_CHACHA20_POLY1305_SHA256                         512         8.21       2.62       59.5
TLS_CHACHA20_POLY1305_SHA256                        1024         8.54       2.43      114.3
TLS_CHACHA20_POLY1305_SHA256                       16384        19.12      20.08      817.1
TLS_CHACHA20_POLY1305_SHA256                       65536        44.84      25.79     1393.8
------------------------------------------------------------------------------------------
TLS_AES_128_CCM_SHA256                                16        12.35       3.39        1.2
TLS_AES_128_CCM_SHA256                               512        13.67       3.30       35.7
TLS_AES_128_CCM_SHA256                              1024        14.11       2.88       69.2
TLS_AES_128_CCM_SHA256                             16384        27.88      20.83      560.5
TLS_AES_128_CCM_SHA256                             65536        65.71      25.19      951.2
------------------------------------------------------------------------------------------
TLS_AES_128_CBC_SHA256                                16        40.65      26.78        0.4
TLS_AES_128_CBC_SHA256                               512        40.86      19.02       11.9
TLS_AES_128_CBC_SHA256                              1024        42.10      16.60       23.2
TLS_AES_128_CBC_SHA256                             16384        86.24      26.29      181.2
TLS_AES_128_CBC_SHA256                             65536       240.90      80.84      259.4
------------------------------------------------------------------------------------------
TLS_ECDHE_RSA_WITH_3DES_EDE_CBC_SHA                   16        28.20      32.47        0.5
TLS_ECDHE_RSA_WITH_3DES_EDE_CBC_SHA                  512        40.75       4.14       12.0
TLS_ECDHE_RSA_WITH_3DES_EDE_CBC_SHA                 1024        63.90      44.56       15.3
TLS_ECDHE_RSA_WITH_3DES_EDE_CBC_SHA                16384       543.21      59.30       28.8
TLS_ECDHE_RSA_WITH_3DES_EDE_CBC_SHA                65536      2375.09    2985.84       26.3
------------------------------------------------------------------------------------------
