Cipher Suite                                    Size (B)    Mean (µs)   Std (µs)       MB/s
------------------------------------------------------------------------------------------
TLS_AES_128_GCM_SHA256                                16        14.48      48.43        1.1
TLS_AES_128_GCM_SHA256                               512        11.93       2.93       40.9
TLS_AES_128_GCM_SHA256                              1024        14.19      28.77       68.8
TLS_AES_128_GCM_SHA256                             16384        16.47       3.39      948.5
TLS_AES_128_GCM_SHA256                             65536        29.29       5.40     2133.5
------------------------------------------------------------------------------------------
TLS_AES_256_GCM_SHA384                                16        12.25      18.71        1.2
TLS_AES_256_GCM_SHA384                               512        11.76       3.32       41.5
TLS_AES_256_GCM_SHA384                              1024        12.06       2.01       81.0
TLS_AES_256_GCM_SHA384                             16384        20.42      28.63      765.2
TLS_AES_256_GCM_SHA384                             65536        34.13      12.47     1831.2
------------------------------------------------------------------------------------------
TLS_CHACHA20_POLY1305_SHA256                          16         7.25       2.50        2.1
TLS_CHACHA20_POLY1305_SHA256                         512         7.69       0.91       63.5
TLS_CHACHA20_POLY1305_SHA256                        1024         8.34       1.93      117.1
TLS_CHACHA20_POLY1305_SHA256                       16384        16.66       2.35      938.1
TLS_CHACHA20_POLY1305_SHA256                       65536        44.40      22.24     1407.7
------------------------------------------------------------------------------------------
TLS_AES_128_CCM_SHA256                                16        12.50       4.52        1.2
TLS_AES_128_CCM_SHA256                               512        14.29      21.46       34.2
TLS_AES_128_CCM_SHA256                              1024        13.35       1.89       73.1
TLS_AES_128_CCM_SHA256                             16384        39.30      62.88      397.5
TLS_AES_128_CCM_SHA256                             65536        67.14      23.72      930.9
------------------------------------------------------------------------------------------
TLS_AES_128_CBC_SHA256                                16        41.91      30.62        0.4
TLS_AES_128_CBC_SHA256                               512        42.13      28.31       11.6
TLS_AES_128_CBC_SHA256                              1024        43.05      22.91       22.7
TLS_AES_128_CBC_SHA256                             16384        87.13      25.63      179.3
TLS_AES_128_CBC_SHA256                             65536       260.02     126.77      240.4
------------------------------------------------------------------------------------------
TLS_ECDHE_RSA_WITH_3DES_EDE_CBC_SHA                   16        26.99      17.97        0.6
TLS_ECDHE_RSA_WITH_3DES_EDE_CBC_SHA                  512        43.24      16.65       11.3
TLS_ECDHE_RSA_WITH_3DES_EDE_CBC_SHA                 1024        59.94      19.21       16.3
TLS_ECDHE_RSA_WITH_3DES_EDE_CBC_SHA                16384       555.22      75.69       28.1
TLS_ECDHE_RSA_WITH_3DES_EDE_CBC_SHA                65536      2137.02     374.28       29.2
------------------------------------------------------------------------------------------
