Cipher Suite                                    Size (B)    Mean (µs)   Std (µs)       MB/s
------------------------------------------------------------------------------------------
TLS_AES_128_GCM_SHA256                                16        20.37      76.40        0.7
TLS_AES_128_GCM_SHA256                               512        15.19      20.27       32.2
TLS_AES_128_GCM_SHA256                              1024        15.46      22.94       63.1
TLS_AES_128_GCM_SHA256                             16384        20.24      22.90      771.9
TLS_AES_128_GCM_SHA256                             65536        46.72     129.54     1337.7
------------------------------------------------------------------------------------------
TLS_AES_256_GCM_SHA384                                16        13.71      19.40        1.1
TLS_AES_256_GCM_SHA384                               512        15.51      20.87       31.5
TLS_AES_256_GCM_SHA384                              1024        15.54      20.79       62.9
TLS_AES_256_GCM_SHA384                             16384        22.29      25.47      701.0
TLS_AES_256_GCM_SHA384                             65536        67.81     221.58      921.7
------------------------------------------------------------------------------------------
TLS_CHACHA20_POLY1305_SHA256                          16        10.87      24.53        1.4
TLS_CHACHA20_POLY1305_SHA256                         512        12.33      25.81       39.6
TLS_CHACHA20_POLY1305_SHA256                        1024        19.08     104.66       51.2
TLS_CHACHA20_POLY1305_SHA256                       16384        22.97      33.17      680.1
TLS_CHACHA20_POLY1305_SHA256                       65536       110.43     295.11      566.0
------------------------------------------------------------------------------------------
TLS_AES_128_CCM_SHA256                                16        13.52      12.42        1.1
TLS_AES_128_CCM_SHA256                               512        36.21     134.10       13.5
TLS_AES_128_CCM_SHA256                              1024        37.73     148.20       25.9
TLS_AES_128_CCM_SHA256                             16384        52.24     165.15      299.1
TLS_AES_128_CCM_SHA256                             65536        98.18     173.73      636.6
------------------------------------------------------------------------------------------
TLS_AES_128_CBC_SHA256                                16        50.59      42.30        0.3
TLS_AES_128_CBC_SHA256                               512        51.65      38.51        9.5
TLS_AES_128_CBC_SHA256                              1024        54.19      39.88       18.0
TLS_AES_128_CBC_SHA256                             16384        99.86      42.50      156.5
TLS_AES_128_CBC_SHA256                             65536       268.79      74.51      232.5
------------------------------------------------------------------------------------------
TLS_ECDHE_RSA_WITH_3DES_EDE_CBC_SHA                   16        32.20      32.78        0.5
TLS_ECDHE_RSA_WITH_3DES_EDE_CBC_SHA                  512        51.63      37.30        9.5
TLS_ECDHE_RSA_WITH_3DES_EDE_CBC_SHA                 1024        73.13      44.52       13.4
TLS_ECDHE_RSA_WITH_3DES_EDE_CBC_SHA                16384       630.10     156.10       24.8
TLS_ECDHE_RSA_WITH_3DES_EDE_CBC_SHA                65536      2515.70     608.79       24.8
------------------------------------------------------------------------------------------
