Cipher Suite                                    Size (B)    Mean (µs)   Std (µs)       MB/s
------------------------------------------------------------------------------------------
TLS_AES_128_GCM_SHA256                                16        14.74      48.73        1.0
TLS_AES_128_GCM_SHA256                               512        11.99       2.72       40.7
TLS_AES_128_GCM_SHA256                              1024        11.97       2.22       81.6
TLS_AES_128_GCM_SHA256                             16384        16.94       3.49      922.4
TLS_AES_128_GCM_SHA256                             65536        30.46       6.83     2052.0
------------------------------------------------------------------------------------------
TLS_AES_256_GCM_SHA384                                16        11.08       2.40        1.4
TLS_AES_256_GCM_SHA384                               512        11.87       1.76       41.1
TLS_AES_256_GCM_SHA384                              1024        12.25       2.42       79.7
TLS_AES_256_GCM_SHA384                             16384        19.82      28.36      788.4
TLS_AES_256_GCM_SHA384                             65536        33.88       4.30     1845.0
------------------------------------------------------------------------------------------
TLS_CHACHA20_POLY1305_SHA256                          16         7.43       2.86        2.1
TLS_CHACHA20_POLY1305_SHA256                         512         7.81       1.94       62.6
TLS_CHACHA20_POLY1305_SHA256                        1024         8.31       1.70      117.6
TLS_CHACHA20_POLY1305_SHA256                       16384        16.74       2.91      933.2
TLS_CHACHA20_POLY1305_SHA256                       65536        44.70      29.04     1398.1
------------------------------------------------------------------------------------------
TLS_AES_128_CCM_SHA256                                16        12.13       3.15        1.3
TLS_AES_128_CCM_SHA256                               512        12.95       2.24       37.7
TLS_AES_128_CCM_SHA256                              1024        15.47      25.68       63.1
TLS_AES_128_CCM_SHA256                             16384        26.16       3.48      597.3
TLS_AES_128_CCM_SHA256                             65536        65.10       5.73      960.1
------------------------------------------------------------------------------------------
TLS_AES_128_CBC_SHA256                                16        40.13      17.67        0.4
TLS_AES_128_CBC_SHA256                               512        39.47       4.23       12.4
TLS_AES_128_CBC_SHA256                              1024        42.38      10.34       23.0
TLS_AES_128_CBC_SHA256                             16384        85.94       7.50      181.8
TLS_AES_128_CBC_SHA256                             65536       226.48      31.87      276.0
------------------------------------------------------------------------------------------
TLS_ECDHE_RSA_WITH_3DES_EDE_CBC_SHA                   16        25.14       5.12        0.6
TLS_ECDHE_RSA_WITH_3DES_EDE_CBC_SHA                  512        41.34       5.23       11.8
TLS_ECDHE_RSA_WITH_3DES_EDE_CBC_SHA                 1024        57.69       7.05       16.9
TLS_ECDHE_RSA_WITH_3DES_EDE_CBC_SHA                16384       541.05      32.41       28.9
TLS_ECDHE_RSA_WITH_3DES_EDE_CBC_SHA                65536      2484.32    2004.83       25.2
------------------------------------------------------------------------------------------
