Cipher Suite                                    Size (B)    Mean (µs)   Std (µs)       MB/s
------------------------------------------------------------------------------------------
TLS_AES_128_GCM_SHA256                                16        16.27      54.40        0.9
TLS_AES_128_GCM_SHA256                               512        11.59       2.58       42.1
TLS_AES_128_GCM_SHA256                              1024        11.97       1.92       81.6
TLS_AES_128_GCM_SHA256                             16384        17.89      22.72      873.5
TLS_AES_128_GCM_SHA256                             65536        29.43       6.16     2124.0
------------------------------------------------------------------------------------------
TLS_AES_256_GCM_SHA384                                16        11.34       3.60        1.3
TLS_AES_256_GCM_SHA384                               512        13.19      18.03       37.0
TLS_AES_256_GCM_SHA384                              1024        13.01       6.05       75.1
TLS_AES_256_GCM_SHA384                             16384        17.47       3.08      894.6
TLS_AES_256_GCM_SHA384                             65536        35.27      27.91     1771.8
------------------------------------------------------------------------------------------
TLS_CHACHA20_POLY1305_SHA256                          16         7.09       2.35        2.2
TLS_CHACHA20_POLY1305_SHA256                         512         8.09       1.88       60.4
TLS_CHACHA20_POLY1305_SHA256                        1024         9.96      18.41       98.0
TLS_CHACHA20_POLY1305_SHA256                       16384        16.92       2.68      923.4
TLS_CHACHA20_POLY1305_SHA256                       65536        44.83      21.06     1394.3
------------------------------------------------------------------------------------------
TLS_AES_128_CCM_SHA256                                16        12.23       3.30        1.2
TLS_AES_128_CCM_SHA256                               512        13.82       3.52       35.3
TLS_AES_128_CCM_SHA256                              1024        15.52      20.30       62.9
TLS_AES_128_CCM_SHA256                             16384        26.06       3.60      599.6
TLS_AES_128_CCM_SHA256                             65536        64.00       5.80      976.6
------------------------------------------------------------------------------------------
TLS_AES_128_CBC_SHA256                                16        38.48      16.90        0.4
TLS_AES_128_CBC_SHA256                               512        39.41       4.35       12.4
TLS_AES_128_CBC_SHA256                              1024        41.21       5.16       23.7
TLS_AES_128_CBC_SHA256                             16384        84.31       6.75      185.3
TLS_AES_128_CBC_SHA256                             65536       227.47      19.72      274.8
------------------------------------------------------------------------------------------
TLS_ECDHE_RSA_WITH_3DES_EDE_CBC_SHA                   16        24.99       6.14        0.6
TLS_ECDHE_RSA_WITH_3DES_EDE_CBC_SHA                  512        40.90       4.16       11.9
TLS_ECDHE_RSA_WITH_3DES_EDE_CBC_SHA                 1024        57.45       5.51       17.0
TLS_ECDHE_RSA_WITH_3DES_EDE_CBC_SHA                16384       548.75      78.19       28.5
TLS_ECDHE_RSA_WITH_3DES_EDE_CBC_SHA                65536      2069.92      25.05       30.2
------------------------------------------------------------------------------------------
