Cipher Suite                                    Size (B)    Mean (µs)   Std (µs)       MB/s
------------------------------------------------------------------------------------------
TLS_AES_128_GCM_SHA256                                16        16.75      52.05        0.9
TLS_AES_128_GCM_SHA256                               512        12.18       3.26       40.1
TLS_AES_128_GCM_SHA256                              1024        12.70       3.52       76.9
TLS_AES_128_GCM_SHA256                             16384        19.23      22.05      812.6
TLS_AES_128_GCM_SHA256                             65536        30.34       6.78     2060.2
------------------------------------------------------------------------------------------
TLS_AES_256_GCM_SHA384                                16        11.56       2.58        1.3
TLS_AES_256_GCM_SHA384                               512        14.56      26.09       33.5
TLS_AES_256_GCM_SHA384                              1024        12.53       3.09       77.9
TLS_AES_256_GCM_SHA384                             16384        18.13       3.98      862.0
TLS_AES_256_GCM_SHA384                             65536        36.03      28.24     1734.8
------------------------------------------------------------------------------------------
TLS_CHACHA20_POLY1305_SHA256                          16         7.49       2.69        2.0
TLS_CHACHA20_POLY1305_SHA256                         512         8.04       1.82       60.7
TLS_CHACHA20_POLY1305_SHA256                        1024        10.02      17.96       97.5
TLS_CHACHA20_POLY1305_SHA256                       16384        16.80       2.69      929.8
TLS_CHACHA20_POLY1305_SHA256                       65536        42.97       5.93     1454.5
------------------------------------------------------------------------------------------
TLS_AES_128_CCM_SHA256                                16        12.49       3.88        1.2
TLS_AES_128_CCM_SHA256                               512        13.29       2.64       36.7
TLS_AES_128_CCM_SHA256                              1024        14.45       5.74       67.6
TLS_AES_128_CCM_SHA256                             16384        26.63       4.20      586.8
TLS_AES_128_CCM_SHA256                             65536        66.29      12.62      942.8
------------------------------------------------------------------------------------------
TLS_AES_128_CBC_SHA256                                16        40.08      17.09        0.4
TLS_AES_128_CBC_SHA256                               512        40.81       6.29       12.0
TLS_AES_128_CBC_SHA256                              1024        42.63       8.16       22.9
TLS_AES_128_CBC_SHA256                             16384        86.44       9.71      180.8
TLS_AES_128_CBC_SHA256                             65536       227.38      16.93      274.9
------------------------------------------------------------------------------------------
TLS_ECDHE_RSA_WITH_3DES_EDE_CBC_SHA                   16        25.51       6.91        0.6
TLS_ECDHE_RSA_WITH_3DES_EDE_CBC_SHA                  512        41.80       8.40       11.7
TLS_ECDHE_RSA_WITH_3DES_EDE_CBC_SHA                 1024        59.30       7.98       16.5
TLS_ECDHE_RSA_WITH_3DES_EDE_CBC_SHA                16384       541.15      24.81       28.9
TLS_ECDHE_RSA_WITH_3DES_EDE_CBC_SHA                65536      2090.53      60.13       29.9
------------------------------------------------------------------------------------------
