Cipher Suite                                    Size (B)    Mean (µs)   Std (µs)       MB/s
------------------------------------------------------------------------------------------
TLS_AES_128_GCM_SHA256                                16        16.83      55.98        0.9
TLS_AES_128_GCM_SHA256                               512        12.49       3.10       39.1
TLS_AES_128_GCM_SHA256                              1024        12.45       2.15       78.4
TLS_AES_128_GCM_SHA256                             16384        17.22       3.45      907.3
TLS_AES_128_GCM_SHA256                             65536        30.48       7.44     2050.5
------------------------------------------------------------------------------------------
TLS_AES_256_GCM_SHA384                                16        11.62       3.69        1.3
TLS_AES_256_GCM_SHA384                               512        14.51      30.85       33.6
TLS_AES_256_GCM_SHA384                              1024        12.47       2.03       78.3
TLS_AES_256_GCM_SHA384                             16384        17.62       2.56      886.6
TLS_AES_256_GCM_SHA384                             65536        35.00      23.68     1785.9
------------------------------------------------------------------------------------------
TLS_CHACHA20_POLY1305_SHA256                          16         7.42       2.26        2.1
TLS_CHACHA20_POLY1305_SHA256                         512         7.86       0.77       62.1
TLS_CHACHA20_POLY1305_SHA256                        1024         8.51       1.73      114.8
TLS_CHACHA20_POLY1305_SHA256                       16384        18.61      23.81      839.6
TLS_CHACHA20_POLY1305_SHA256                       65536        43.70      18.00     1430.1
------------------------------------------------------------------------------------------
TLS_AES_128_CCM_SHA256                                16        12.47       2.59        1.2
TLS_AES_128_CCM_SHA256                               512        13.50       3.59       36.2
TLS_AES_128_CCM_SHA256                              1024        15.20      17.73       64.3
TLS_AES_128_CCM_SHA256                             16384        26.20       2.96      596.4
TLS_AES_128_CCM_SHA256                             65536        67.45      20.47      926.6
------------------------------------------------------------------------------------------
TLS_AES_128_CBC_SHA256                                16        41.21      26.98        0.4
TLS_AES_128_CBC_SHA256                               512        41.17      22.68       11.9
TLS_AES_128_CBC_SHA256                              1024        44.19      26.14       22.1
TLS_AES_128_CBC_SHA256                             16384        88.63      36.01      176.3
TLS_AES_128_CBC_SHA256                             65536       235.39      80.90      265.5
------------------------------------------------------------------------------------------
TLS_ECDHE_RSA_WITH_3DES_EDE_CBC_SHA                   16        26.56      22.15        0.6
TLS_ECDHE_RSA_WITH_3DES_EDE_CBC_SHA                  512        42.65      20.17       11.4
TLS_ECDHE_RSA_WITH_3DES_EDE_CBC_SHA                 1024        59.12      21.82       16.5
TLS_ECDHE_RSA_WITH_3DES_EDE_CBC_SHA                16384       538.95      19.27       29.0
TLS_ECDHE_RSA_WITH_3DES_EDE_CBC_SHA                65536      2086.45      51.56       30.0
------------------------------------------------------------------------------------------
