Cipher Suite                                    Size (B)    Mean (µs)   Std (µs)       MB/s
------------------------------------------------------------------------------------------
TLS_AES_128_GCM_SHA256                                16        14.94      47.93        1.0
TLS_AES_128_GCM_SHA256                               512        12.26       3.49       39.8
TLS_AES_128_GCM_SHA256                              1024        12.13       2.04       80.5
TLS_AES_128_GCM_SHA256                             16384        16.55       3.11      944.0
TLS_AES_128_GCM_SHA256                             65536        30.14       5.82     2073.7
------------------------------------------------------------------------------------------
TLS_AES_256_GCM_SHA384                                16        11.49       2.94        1.3
TLS_AES_256_GCM_SHA384                               512        12.05       2.55       40.5
TLS_AES_256_GCM_SHA384                              1024        12.64       2.64       77.2
TLS_AES_256_GCM_SHA384                             16384        17.68       3.40      883.8
TLS_AES_256_GCM_SHA384                             65536        33.48       3.59     1867.0
------------------------------------------------------------------------------------------
TLS_CHACHA20_POLY1305_SHA256                          16         7.39       3.03        2.1
TLS_CHACHA20_POLY1305_SHA256                         512         8.04       1.88       60.7
TLS_CHACHA20_POLY1305_SHA256                        1024         8.51       1.83      114.8
TLS_CHACHA20_POLY1305_SHA256                       16384        16.54       2.36      944.8
TLS_CHACHA20_POLY1305_SHA256                       65536        42.81       5.85     1459.9
------------------------------------------------------------------------------------------
TLS_AES_128_CCM_SHA256                                16        12.86       4.14        1.2
TLS_AES_128_CCM_SHA256                               512        13.04       2.37       37.4
TLS_AES_128_CCM_SHA256                              1024        14.07       2.04       69.4
TLS_AES_128_CCM_SHA256                             16384        26.75       4.31      584.1
TLS_AES_128_CCM_SHA256                             65536        64.35       4.48      971.3
------------------------------------------------------------------------------------------
TLS_AES_128_CBC_SHA256                                16        39.84      17.01        0.4
TLS_AES_128_CBC_SHA256                               512        40.25       5.02       12.1
TLS_AES_128_CBC_SHA256                              1024        41.79       3.84       23.4
TLS_AES_128_CBC_SHA256                             16384        85.74       7.25      182.2
TLS_AES_128_CBC_SHA256                             65536       223.79      12.92      279.3
------------------------------------------------------------------------------------------
TLS_ECDHE_RSA_WITH_3DES_EDE_CBC_SHA                   16        25.46       5.44        0.6
TLS_ECDHE_RSA_WITH_3DES_EDE_CBC_SHA                  512        41.70       5.38       11.7
TLS_ECDHE_RSA_WITH_3DES_EDE_CBC_SHA                 1024        62.67      30.94       15.6
TLS_ECDHE_RSA_WITH_3DES_EDE_CBC_SHA                16384       553.17      62.27       28.2
TLS_ECDHE_RSA_WITH_3DES_EDE_CBC_SHA                65536      2132.02     287.17       29.3
------------------------------------------------------------------------------------------
