Cipher Suite                                    Size (B)    Mean (µs)   Std (µs)       MB/s
------------------------------------------------------------------------------------------
TLS_AES_128_GCM_SHA256                                16        18.11      91.53        0.8
TLS_AES_128_GCM_SHA256                               512        12.53       3.67       39.0
TLS_AES_128_GCM_SHA256                              1024        21.00      64.75       46.5
TLS_AES_128_GCM_SHA256                             16384        18.45      16.97      846.9
TLS_AES_128_GCM_SHA256                             65536        29.83       5.51     2094.9
------------------------------------------------------------------------------------------
TLS_AES_256_GCM_SHA384                                16        12.93      18.37        1.2
TLS_AES_256_GCM_SHA384                               512        12.23       2.05       39.9
TLS_AES_256_GCM_SHA384                              1024        12.69       2.21       77.0
TLS_AES_256_GCM_SHA384                             16384        19.65      19.60      795.2
TLS_AES_256_GCM_SHA384                             65536        36.29      24.83     1722.4
------------------------------------------------------------------------------------------
TLS_CHACHA20_POLY1305_SHA256                          16         8.85      22.44        1.7
TLS_CHACHA20_POLY1305_SHA256                         512         7.79       1.70       62.7
TLS_CHACHA20_POLY1305_SHA256                        1024         8.23       0.65      118.7
TLS_CHACHA20_POLY1305_SHA256                       16384        16.55       1.83      943.9
TLS_CHACHA20_POLY1305_SHA256                       65536        44.23      22.24     1413.2
------------------------------------------------------------------------------------------
TLS_AES_128_CCM_SHA256                                16        12.21       2.89        1.2
TLS_AES_128_CCM_SHA256                               512        15.49      27.89       31.5
TLS_AES_128_CCM_SHA256                              1024        13.83       2.08       70.6
TLS_AES_128_CCM_SHA256                             16384        26.03       2.81      600.4
TLS_AES_128_CCM_SHA256                             65536        66.39      20.11      941.4
------------------------------------------------------------------------------------------
TLS_AES_128_CBC_SHA256                                16        42.14      29.47        0.4
TLS_AES_128_CBC_SHA256                               512        40.42       4.34       12.1
TLS_AES_128_CBC_SHA256                              1024        43.62      20.63       22.4
TLS_AES_128_CBC_SHA256                             16384        88.72      29.72      176.1
TLS_AES_128_CBC_SHA256                             65536       264.24     147.32      236.5
------------------------------------------------------------------------------------------
TLS_ECDHE_RSA_WITH_3DES_EDE_CBC_SHA                   16        28.81      22.02        0.5
TLS_ECDHE_RSA_WITH_3DES_EDE_CBC_SHA                  512        44.31      24.07       11.0
TLS_ECDHE_RSA_WITH_3DES_EDE_CBC_SHA                 1024        63.28      39.15       15.4
TLS_ECDHE_RSA_WITH_3DES_EDE_CBC_SHA                16384       589.48     325.03       26.5
TLS_ECDHE_RSA_WITH_3DES_EDE_CBC_SHA                65536      2162.56     340.46       28.9
------------------------------------------------------------------------------------------
