Cipher Suite                                    Size (B)    Mean (µs)   Std (µs)       MB/s
------------------------------------------------------------------------------------------
TLS_AES_128_GCM_SHA256                                16        26.46     104.25        0.6
TLS_AES_128_GCM_SHA256                               512        16.09      22.06       30.4
TLS_AES_128_GCM_SHA256                              1024        15.32      20.42       63.7
TLS_AES_128_GCM_SHA256                             16384        21.98      26.91      710.7
TLS_AES_128_GCM_SHA256                             65536        37.40      32.41     1671.2
------------------------------------------------------------------------------------------
TLS_AES_256_GCM_SHA384                                16        14.74      20.85        1.0
TLS_AES_256_GCM_SHA384                               512        15.37      19.21       31.8
TLS_AES_256_GCM_SHA384                              1024        16.30      22.20       59.9
TLS_AES_256_GCM_SHA384                             16384        20.58      20.30      759.1
TLS_AES_256_GCM_SHA384                             65536        41.38      32.39     1510.2
------------------------------------------------------------------------------------------
TLS_CHACHA20_POLY1305_SHA256                          16         8.59      11.67        1.8
TLS_CHACHA20_POLY1305_SHA256                         512        11.40      26.44       42.8
TLS_CHACHA20_POLY1305_SHA256                        1024         9.83      16.89       99.4
TLS_CHACHA20_POLY1305_SHA256                       16384        20.66      22.53      756.2
TLS_CHACHA20_POLY1305_SHA256                       65536        47.48      25.62     1316.4
------------------------------------------------------------------------------------------
TLS_AES_128_CCM_SHA256                                16        15.17      20.81        1.0
TLS_AES_128_CCM_SHA256                               512        16.25      21.35       30.0
TLS_AES_128_CCM_SHA256                              1024        16.49      18.34       59.2
TLS_AES_128_CCM_SHA256                             16384        37.62      71.66      415.4
TLS_AES_128_CCM_SHA256                             65536        84.02      50.45      743.9
------------------------------------------------------------------------------------------
TLS_AES_128_CBC_SHA256                                16        58.42      62.39        0.3
TLS_AES_128_CBC_SHA256                               512        53.83      46.08        9.1
TLS_AES_128_CBC_SHA256                              1024        52.27      33.34       18.7
TLS_AES_128_CBC_SHA256                             16384       113.99      66.00      137.1
TLS_AES_128_CBC_SHA256                             65536       304.87     100.27      205.0
------------------------------------------------------------------------------------------
TLS_ECDHE_RSA_WITH_3DES_EDE_CBC_SHA                   16        42.39      57.92        0.4
TLS_ECDHE_RSA_WITH_3DES_EDE_CBC_SHA                  512        58.24      53.09        8.4
TLS_ECDHE_RSA_WITH_3DES_EDE_CBC_SHA                 1024        75.02      46.53       13.0
TLS_ECDHE_RSA_WITH_3DES_EDE_CBC_SHA                16384       660.78     113.63       23.6
TLS_ECDHE_RSA_WITH_3DES_EDE_CBC_SHA                65536      2681.24    1183.24       23.3
------------------------------------------------------------------------------------------
