Cipher Suite                                    Size (B)    Mean (µs)   Std (µs)       MB/s
------------------------------------------------------------------------------------------
TLS_AES_128_GCM_SHA256                                16        27.83      77.84        0.5
TLS_AES_128_GCM_SHA256                               512        35.34      92.92       13.8
TLS_AES_128_GCM_SHA256                              1024        12.79       1.99       76.3
TLS_AES_128_GCM_SHA256                             16384        17.70       4.10      882.8
TLS_AES_128_GCM_SHA256                             65536        31.01       6.71     2015.7
------------------------------------------------------------------------------------------
TLS_AES_256_GCM_SHA384                                16        11.57       1.90        1.3
TLS_AES_256_GCM_SHA384                               512        12.67       2.60       38.5
TLS_AES_256_GCM_SHA384                              1024        12.91       1.85       75.7
TLS_AES_256_GCM_SHA384                             16384        18.64       3.55      838.3
TLS_AES_256_GCM_SHA384                             65536        34.37       4.73     1818.3
------------------------------------------------------------------------------------------
TLS_CHACHA20_POLY1305_SHA256                          16         7.23       2.16        2.1
TLS_CHACHA20_POLY1305_SHA256                         512         7.66       0.79       63.8
TLS_CHACHA20_POLY1305_SHA256                        1024         8.74       1.77      111.7
TLS_CHACHA20_POLY1305_SHA256                       16384        17.29       3.02      903.9
TLS_CHACHA20_POLY1305_SHA256                       65536        43.42       3.65     1439.6
------------------------------------------------------------------------------------------
TLS_AES_128_CCM_SHA256                                16        12.17       2.34        1.3
TLS_AES_128_CCM_SHA256                               512        13.08       1.89       37.3
TLS_AES_128_CCM_SHA256                              1024        14.34       3.30       68.1
TLS_AES_128_CCM_SHA256                             16384        28.25      10.22      553.0
TLS_AES_128_CCM_SHA256                             65536        64.51       3.90      968.9
------------------------------------------------------------------------------------------
TLS_AES_128_CBC_SHA256                                16        42.74      30.51        0.4
TLS_AES_128_CBC_SHA256                               512        41.27       4.99       11.8
TLS_AES_128_CBC_SHA256                              1024        46.17      31.16       21.2
TLS_AES_128_CBC_SHA256                             16384        93.86      58.75      166.5
TLS_AES_128_CBC_SHA256                             65536       232.01      46.01      269.4
------------------------------------------------------------------------------------------
TLS_ECDHE_RSA_WITH_3DES_EDE_CBC_SHA                   16        25.33       5.34        0.6
TLS_ECDHE_RSA_WITH_3DES_EDE_CBC_SHA                  512        41.17       4.26       11.9
TLS_ECDHE_RSA_WITH_3DES_EDE_CBC_SHA                 1024        57.25       4.85       17.1
TLS_ECDHE_RSA_WITH_3DES_EDE_CBC_SHA                16384       563.21     179.43       27.7
TLS_ECDHE_RSA_WITH_3DES_EDE_CBC_SHA                65536      2148.68     247.43       29.1
------------------------------------------------------------------------------------------
