Cipher Suite                                    Size (B)    Mean (µs)   Std (µs)       MB/s
------------------------------------------------------------------------------------------
TLS_AES_128_GCM_SHA256                                16        18.57      56.36        0.8
TLS_AES_128_GCM_SHA256                               512        15.93      22.77       30.7
TLS_AES_128_GCM_SHA256                              1024        15.62      23.46       62.5
TLS_AES_128_GCM_SHA256                             16384        22.10      30.36      707.1
TLS_AES_128_GCM_SHA256                             65536        30.81       6.30     2028.4
------------------------------------------------------------------------------------------
TLS_AES_256_GCM_SHA384                                16        13.85      22.19        1.1
TLS_AES_256_GCM_SHA384                               512        15.13      21.51       32.3
TLS_AES_256_GCM_SHA384                              1024        14.24      16.43       68.6
TLS_AES_256_GCM_SHA384                             16384        20.99      22.11      744.2
TLS_AES_256_GCM_SHA384                             65536        41.75      32.11     1497.1
------------------------------------------------------------------------------------------
TLS_CHACHA20_POLY1305_SHA256                          16         9.79      18.71        1.6
TLS_CHACHA20_POLY1305_SHA256                         512         8.15       2.09       59.9
TLS_CHACHA20_POLY1305_SHA256                        1024        11.84      22.49       82.5
TLS_CHACHA20_POLY1305_SHA256                       16384        20.42      23.07      765.2
TLS_CHACHA20_POLY1305_SHA256                       65536        51.77      36.08     1207.2
------------------------------------------------------------------------------------------
TLS_AES_128_CCM_SHA256                                16        13.57      13.08        1.1
TLS_AES_128_CCM_SHA256                               512        15.41      17.22       31.7
TLS_AES_128_CCM_SHA256                              1024        15.97      18.40       61.1
TLS_AES_128_CCM_SHA256                             16384        32.36      29.73      482.9
TLS_AES_128_CCM_SHA256                             65536        76.38      38.88      818.3
------------------------------------------------------------------------------------------
TLS_AES_128_CBC_SHA256                                16        57.28     138.98        0.3
TLS_AES_128_CBC_SHA256                               512        48.31      39.16       10.1
TLS_AES_128_CBC_SHA256                              1024        54.74      43.09       17.8
TLS_AES_128_CBC_SHA256                             16384       112.55      60.99      138.8
TLS_AES_128_CBC_SHA256                             65536       308.83     129.59      202.4
------------------------------------------------------------------------------------------
TLS_ECDHE_RSA_WITH_3DES_EDE_CBC_SHA                   16        31.55      29.50        0.5
TLS_ECDHE_RSA_WITH_3DES_EDE_CBC_SHA                  512        55.30      42.44        8.8
TLS_ECDHE_RSA_WITH_3DES_EDE_CBC_SHA                 1024        74.98      50.28       13.0
TLS_ECDHE_RSA_WITH_3DES_EDE_CBC_SHA                16384       633.52     174.11       24.7
TLS_ECDHE_RSA_WITH_3DES_EDE_CBC_SHA                65536      2282.02     398.76       27.4
------------------------------------------------------------------------------------------
