Cipher Suite                                    Size (B)    Mean (µs)   Std (µs)       MB/s
------------------------------------------------------------------------------------------
TLS_AES_128_GCM_SHA256                                16        15.92      52.11        1.0
TLS_AES_128_GCM_SHA256                               512        12.83       2.98       38.1
TLS_AES_128_GCM_SHA256                              1024        13.19       3.37       74.1
TLS_AES_128_GCM_SHA256                             16384        17.90       4.28      872.9
TLS_AES_128_GCM_SHA256                             65536        32.93      19.91     1897.8
------------------------------------------------------------------------------------------
TLS_AES_256_GCM_SHA384                                16        12.47       3.72        1.2
TLS_AES_256_GCM_SHA384                               512        12.96       3.01       37.7
TLS_AES_256_GCM_SHA384                              1024        15.20      29.08       64.3
TLS_AES_256_GCM_SHA384                             16384        18.20       2.78      858.4
TLS_AES_256_GCM_SHA384                             65536        35.67      20.40     1752.0
------------------------------------------------------------------------------------------
TLS_CHACHA20_POLY1305_SHA256                          16         7.51       3.04        2.0
TLS_CHACHA20_POLY1305_SHA256                         512         7.85       1.83       62.2
TLS_CHACHA20_POLY1305_SHA256                        1024         8.35       2.08      116.9
TLS_CHACHA20_POLY1305_SHA256                       16384        17.94      17.80      870.7
TLS_CHACHA20_POLY1305_SHA256                       65536        44.27      15.87     1411.7
------------------------------------------------------------------------------------------
TLS_AES_128_CCM_SHA256                                16        12.74       3.05        1.2
TLS_AES_128_CCM_SHA256                               512        13.22       1.98       36.9
TLS_AES_128_CCM_SHA256                              1024        14.48       2.99       67.4
TLS_AES_128_CCM_SHA256                             16384        27.97      19.20      558.7
TLS_AES_128_CCM_SHA256                             65536        66.76      16.36      936.2
------------------------------------------------------------------------------------------
TLS_AES_128_CBC_SHA256                                16        41.02      25.45        0.4
TLS_AES_128_CBC_SHA256                               512        41.62      19.27       11.7
TLS_AES_128_CBC_SHA256                              1024        43.60      23.02       22.4
TLS_AES_128_CBC_SHA256                             16384        86.81      22.56      180.0
TLS_AES_128_CBC_SHA256                             65536       266.75     429.57      234.3
------------------------------------------------------------------------------------------
TLS_ECDHE_RSA_WITH_3DES_EDE_CBC_SHA                   16        24.82       5.81        0.6
TLS_ECDHE_RSA_WITH_3DES_EDE_CBC_SHA                  512        43.19      21.15       11.3
TLS_ECDHE_RSA_WITH_3DES_EDE_CBC_SHA                 1024        61.07      31.47       16.0
TLS_ECDHE_RSA_WITH_3DES_EDE_CBC_SHA                16384       560.80      76.35       27.9
TLS_ECDHE_RSA_WITH_3DES_EDE_CBC_SHA                65536      2544.65    1695.40       24.6
------------------------------------------------------------------------------------------
