Cipher Suite                                    Size (B)    Mean (µs)   Std (µs)       MB/s
------------------------------------------------------------------------------------------
TLS_AES_128_GCM_SHA256                                16        14.65      47.74        1.0
TLS_AES_128_GCM_SHA256                               512        13.77      21.96       35.5
TLS_AES_128_GCM_SHA256                              1024        12.12       2.16       80.6
TLS_AES_128_GCM_SHA256                             16384        16.76       3.35      932.5
TLS_AES_128_GCM_SHA256                             65536        29.94       6.24     2087.5
------------------------------------------------------------------------------------------
TLS_AES_256_GCM_SHA384                                16        11.24       2.03        1.4
TLS_AES_256_GCM_SHA384                               512        11.98       1.85       40.8
TLS_AES_256_GCM_SHA384                              1024        12.32       2.03       79.2
TLS_AES_256_GCM_SHA384                             16384        17.56       2.67      889.8
TLS_AES_256_GCM_SHA384                             65536        33.54       3.57     1863.7
------------------------------------------------------------------------------------------
TLS_CHACHA20_POLY1305_SHA256                          16         7.35       2.71        2.1
TLS_CHACHA20_POLY1305_SHA256                         512         7.76       2.05       62.9
TLS_CHACHA20_POLY1305_SHA256                        1024         8.22       1.99      118.8
TLS_CHACHA20_POLY1305_SHA256                       16384        16.18       1.72      965.4
TLS_CHACHA20_POLY1305_SHA256                       65536        41.87       4.41     1492.6
------------------------------------------------------------------------------------------
TLS_AES_128_CCM_SHA256                                16        12.01       2.37        1.3
TLS_AES_128_CCM_SHA256                               512        12.79       1.60       38.2
TLS_AES_128_CCM_SHA256                              1024        13.55       2.51       72.1
TLS_AES_128_CCM_SHA256                             16384        25.33       2.33      616.9
TLS_AES_128_CCM_SHA256                             65536        63.69       4.75      981.3
------------------------------------------------------------------------------------------
TLS_AES_128_CBC_SHA256                                16        39.41      14.68        0.4
TLS_AES_128_CBC_SHA256                               512        39.69       5.95       12.3
TLS_AES_128_CBC_SHA256                              1024        41.95       7.35       23.3
TLS_AES_128_CBC_SHA256                             16384        84.55       9.64      184.8
TLS_AES_128_CBC_SHA256                             65536       220.41      15.51      283.6
------------------------------------------------------------------------------------------
TLS_ECDHE_RSA_WITH_3DES_EDE_CBC_SHA                   16        24.72       5.26        0.6
TLS_ECDHE_RSA_WITH_3DES_EDE_CBC_SHA                  512        39.66       3.92       12.3
TLS_ECDHE_RSA_WITH_3DES_EDE_CBC_SHA                 1024        55.73       7.22       17.5
TLS_ECDHE_RSA_WITH_3DES_EDE_CBC_SHA                16384       522.67      19.43       29.9
TLS_ECDHE_RSA_WITH_3DES_EDE_CBC_SHA                65536      2062.11     148.13       30.3
------------------------------------------------------------------------------------------
