Cipher Suite                                    Size (B)    Mean (µs)   Std (µs)       MB/s
------------------------------------------------------------------------------------------
TLS_AES_128_GCM_SHA256                                16        20.31      84.01        0.8
TLS_AES_128_GCM_SHA256                               512        12.63       3.48       38.7
TLS_AES_128_GCM_SHA256                              1024        15.35      31.94       63.6
TLS_AES_128_GCM_SHA256                             16384        23.68      39.23      659.7
TLS_AES_128_GCM_SHA256                             65536        40.25      46.10     1552.7
------------------------------------------------------------------------------------------
TLS_AES_256_GCM_SHA384                                16        14.11      21.27        1.1
TLS_AES_256_GCM_SHA384                               512        12.57       2.66       38.9
TLS_AES_256_GCM_SHA384                              1024        12.58       1.96       77.6
TLS_AES_256_GCM_SHA384                             16384        24.69      37.58      632.7
TLS_AES_256_GCM_SHA384                             65536        83.02     356.68      752.9
------------------------------------------------------------------------------------------
TLS_CHACHA20_POLY1305_SHA256                          16        11.17      31.22        1.4
TLS_CHACHA20_POLY1305_SHA256                         512        10.18      21.01       48.0
TLS_CHACHA20_POLY1305_SHA256                        1024        10.82      19.59       90.3
TLS_CHACHA20_POLY1305_SHA256                       16384        19.38      20.51      806.4
TLS_CHACHA20_POLY1305_SHA256                       65536        56.59      53.13     1104.4
------------------------------------------------------------------------------------------
TLS_AES_128_CCM_SHA256                                16        16.63      26.30        0.9
TLS_AES_128_CCM_SHA256                               512        17.62      29.93       27.7
TLS_AES_128_CCM_SHA256                              1024        61.70     185.26       15.8
TLS_AES_128_CCM_SHA256                             16384        26.56       2.98      588.3
TLS_AES_128_CCM_SHA256                             65536        82.20      66.04      760.3
------------------------------------------------------------------------------------------
TLS_AES_128_CBC_SHA256                                16       101.35     349.87        0.2
TLS_AES_128_CBC_SHA256                               512        59.24      60.57        8.2
TLS_AES_128_CBC_SHA256                              1024        54.71      45.89       17.8
TLS_AES_128_CBC_SHA256                             16384       136.47     305.55      114.5
TLS_AES_128_CBC_SHA256                             65536       372.01     338.40      168.0
------------------------------------------------------------------------------------------
TLS_ECDHE_RSA_WITH_3DES_EDE_CBC_SHA                   16        35.55      50.99        0.4
TLS_ECDHE_RSA_WITH_3DES_EDE_CBC_SHA                  512        57.79      61.67        8.4
TLS_ECDHE_RSA_WITH_3DES_EDE_CBC_SHA                 1024        75.38      57.24       13.0
TLS_ECDHE_RSA_WITH_3DES_EDE_CBC_SHA                16384       716.61     317.52       21.8
TLS_ECDHE_RSA_WITH_3DES_EDE_CBC_SHA                65536      2505.19     205.78       24.9
------------------------------------------------------------------------------------------
