Cipher Suite                                    Size (B)    Mean (µs)   Std (µs)       MB/s
------------------------------------------------------------------------------------------
TLS_AES_128_GCM_SHA256                                16        14.77      50.50        1.0
TLS_AES_128_GCM_SHA256                               512        11.88       2.46       41.1
TLS_AES_128_GCM_SHA256                              1024        13.82      22.53       70.6
TLS_AES_128_GCM_SHA256                             16384        16.54       3.34      944.5
TLS_AES_128_GCM_SHA256                             65536        31.70      22.76     1971.4
------------------------------------------------------------------------------------------
TLS_AES_256_GCM_SHA384                                16        11.08       2.37        1.4
TLS_AES_256_GCM_SHA384                               512        11.99       2.66       40.7
TLS_AES_256_GCM_SHA384                              1024        12.22       2.14       79.9
TLS_AES_256_GCM_SHA384                             16384        19.57      27.56      798.4
TLS_AES_256_GCM_SHA384                             65536        33.34       3.57     1874.9
------------------------------------------------------------------------------------------
TLS_CHACHA20_POLY1305_SHA256                          16         8.86      18.45        1.7
TLS_CHACHA20_POLY1305_SHA256                         512         7.81       1.85       62.5
TLS_CHACHA20_POLY1305_SHA256                        1024         8.23       1.87      118.7
TLS_CHACHA20_POLY1305_SHA256                       16384        16.66       2.73      938.1
TLS_CHACHA20_POLY1305_SHA256                       65536        43.79      20.83     1427.2
------------------------------------------------------------------------------------------
TLS_AES_128_CCM_SHA256                                16        11.91       2.70        1.3
TLS_AES_128_CCM_SHA256                               512        14.45      20.50       33.8
TLS_AES_128_CCM_SHA256                              1024        13.28       2.23       73.5
TLS_AES_128_CCM_SHA256                             16384        25.92       3.50      602.8
TLS_AES_128_CCM_SHA256                             65536        65.89      22.34      948.6
------------------------------------------------------------------------------------------
TLS_AES_128_CBC_SHA256                                16        40.93      25.23        0.4
TLS_AES_128_CBC_SHA256                               512        40.74       4.74       12.0
TLS_AES_128_CBC_SHA256                              1024        44.68      32.07       21.9
TLS_AES_128_CBC_SHA256                             16384        88.71      31.75      176.1
TLS_AES_128_CBC_SHA256                             65536       231.05      49.09      270.5
------------------------------------------------------------------------------------------
TLS_ECDHE_RSA_WITH_3DES_EDE_CBC_SHA                   16        24.51       4.32        0.6
TLS_ECDHE_RSA_WITH_3DES_EDE_CBC_SHA                  512        42.35      20.88       11.5
TLS_ECDHE_RSA_WITH_3DES_EDE_CBC_SHA                 1024        58.46      19.01       16.7
TLS_ECDHE_RSA_WITH_3DES_EDE_CBC_SHA                16384       560.51      83.67       27.9
TLS_ECDHE_RSA_WITH_3DES_EDE_CBC_SHA                65536      2210.28     523.82       28.3
------------------------------------------------------------------------------------------
