Cipher Suite                                    Size (B)    Mean (µs)   Std (µs)       MB/s
------------------------------------------------------------------------------------------
TLS_AES_128_GCM_SHA256                                16        15.31      55.30        1.0
TLS_AES_128_GCM_SHA256                               512        14.66      29.62       33.3
TLS_AES_128_GCM_SHA256                              1024        12.21       1.37       80.0
TLS_AES_128_GCM_SHA256                             16384        16.89       3.39      925.0
TLS_AES_128_GCM_SHA256                             65536        31.22      19.35     2001.6
------------------------------------------------------------------------------------------
TLS_AES_256_GCM_SHA384                                16        11.82       3.11        1.3
TLS_AES_256_GCM_SHA384                               512        12.41       2.65       39.4
TLS_AES_256_GCM_SHA384                              1024        14.26      22.41       68.5
TLS_AES_256_GCM_SHA384                             16384        17.99       3.62      868.5
TLS_AES_256_GCM_SHA384                             65536        35.10      20.27     1780.8
------------------------------------------------------------------------------------------
TLS_CHACHA20_POLY1305_SHA256                          16         7.24       2.43        2.1
TLS_CHACHA20_POLY1305_SHA256                         512         7.50       0.73       65.1
TLS_CHACHA20_POLY1305_SHA256                        1024         8.12       0.69      120.3
TLS_CHACHA20_POLY1305_SHA256                       16384        18.16      19.04      860.2
TLS_CHACHA20_POLY1305_SHA256                       65536        43.41      16.43     1439.8
------------------------------------------------------------------------------------------
TLS_AES_128_CCM_SHA256                                16        12.64       4.06        1.2
TLS_AES_128_CCM_SHA256                               512        13.08       2.31       37.3
TLS_AES_128_CCM_SHA256                              1024        13.57       1.77       71.9
TLS_AES_128_CCM_SHA256                             16384        27.15      19.54      575.6
TLS_AES_128_CCM_SHA256                             65536        65.27      20.96      957.6
------------------------------------------------------------------------------------------
TLS_AES_128_CBC_SHA256                                16        41.73      26.74        0.4
TLS_AES_128_CBC_SHA256                               512        42.00      23.04       11.6
TLS_AES_128_CBC_SHA256                              1024        43.87      22.55       22.3
TLS_AES_128_CBC_SHA256                             16384       115.78     114.51      135.0
TLS_AES_128_CBC_SHA256                             65536       229.76      45.04      272.0
------------------------------------------------------------------------------------------
TLS_ECDHE_RSA_WITH_3DES_EDE_CBC_SHA                   16        25.25       5.29        0.6
TLS_ECDHE_RSA_WITH_3DES_EDE_CBC_SHA                  512        47.12      68.84       10.4
TLS_ECDHE_RSA_WITH_3DES_EDE_CBC_SHA                 1024        59.40      19.27       16.4
TLS_ECDHE_RSA_WITH_3DES_EDE_CBC_SHA                16384       553.22      65.05       28.2
TLS_ECDHE_RSA_WITH_3DES_EDE_CBC_SHA                65536      2064.17      48.25       30.3
------------------------------------------------------------------------------------------
