Cipher Suite                                    Size (B)    Mean (µs)   Std (µs)       MB/s
------------------------------------------------------------------------------------------
TLS_AES_128_GCM_SHA256                                16         2.37       2.43        6.4
TLS_AES_128_GCM_SHA256                               512         2.37       0.47      206.3
TLS_AES_128_GCM_SHA256                              1024         2.69       1.15      362.4
TLS_AES_128_GCM_SHA256                             16384         5.63       0.43     2775.1
TLS_AES_128_GCM_SHA256                             65536        14.84       0.60     4210.9
------------------------------------------------------------------------------------------
TLS_AES_256_GCM_SHA384                                16         2.12       0.20        7.2
TLS_AES_256_GCM_SHA384                               512         2.51       0.44      194.9
TLS_AES_256_GCM_SHA384                              1024         2.69       1.73      362.6
TLS_AES_256_GCM_SHA384                             16384         6.73       0.42     2321.9
TLS_AES_256_GCM_SHA384                             65536        18.95       2.63     3298.0
------------------------------------------------------------------------------------------
TLS_CHACHA20_POLY1305_SHA256                          16         2.54       1.67        6.0
TLS_CHACHA20_POLY1305_SHA256                         512         2.67       0.69      182.9
TLS_CHACHA20_POLY1305_SHA256                        1024         2.90       0.19      336.9
TLS_CHACHA20_POLY1305_SHA256                       16384        10.10       0.47     1547.3
TLS_CHACHA20_POLY1305_SHA256                       65536        32.74       0.66     1909.1
------------------------------------------------------------------------------------------
TLS_AES_128_CCM_SHA256                                16         2.99       1.01        5.1
TLS_AES_128_CCM_SHA256                               512         3.41       0.83      143.4
TLS_AES_128_CCM_SHA256                              1024         3.73       0.23      261.7
TLS_AES_128_CCM_SHA256                             16384        15.90       6.16      982.5
TLS_AES_128_CCM_SHA256                             65536        49.78       1.84     1255.5
------------------------------------------------------------------------------------------
TLS_AES_128_CBC_SHA256                                16        19.47      24.75        0.8
TLS_AES_128_CBC_SHA256                               512        17.97       1.90       27.2
TLS_AES_128_CBC_SHA256                              1024        19.29       0.94       50.6
TLS_AES_128_CBC_SHA256                             16384        63.96      12.56      244.3
TLS_AES_128_CBC_SHA256                             65536       198.04      21.63      315.6
------------------------------------------------------------------------------------------
TLS_ECDHE_RSA_WITH_3DES_EDE_CBC_SHA                   16        45.79     452.79        0.3
TLS_ECDHE_RSA_WITH_3DES_EDE_CBC_SHA                  512        28.09       2.25       17.4
TLS_ECDHE_RSA_WITH_3DES_EDE_CBC_SHA                 1024        53.05      20.71       18.4
TLS_ECDHE_RSA_WITH_3DES_EDE_CBC_SHA                16384       500.44      54.61       31.2
TLS_ECDHE_RSA_WITH_3DES_EDE_CBC_SHA                65536      1950.11     134.35       32.0
------------------------------------------------------------------------------------------
