Cipher Suite                                    Size (B)    Mean (µs)   Std (µs)       MB/s
------------------------------------------------------------------------------------------
TLS_AES_128_GCM_SHA256                                16        15.18      48.70        1.0
TLS_AES_128_GCM_SHA256                               512        13.63      20.43       35.8
TLS_AES_128_GCM_SHA256                              1024        12.46       2.76       78.4
TLS_AES_128_GCM_SHA256                             16384        17.16       4.63      910.8
TLS_AES_128_GCM_SHA256                             65536        32.18      22.00     1942.1
------------------------------------------------------------------------------------------
TLS_AES_256_GCM_SHA384                                16        11.55       3.36        1.3
TLS_AES_256_GCM_SHA384                               512        11.97       2.95       40.8
TLS_AES_256_GCM_SHA384                              1024        14.50      23.32       67.4
TLS_AES_256_GCM_SHA384                             16384        17.96       3.91      869.8
TLS_AES_256_GCM_SHA384                             65536        35.54      21.27     1758.5
------------------------------------------------------------------------------------------
TLS_CHACHA20_POLY1305_SHA256                          16         7.29       3.15        2.1
TLS_CHACHA20_POLY1305_SHA256                         512         7.70       1.84       63.4
TLS_CHACHA20_POLY1305_SHA256                        1024         8.69       3.69      112.4
TLS_CHACHA20_POLY1305_SHA256                       16384        18.45      21.49      847.1
TLS_CHACHA20_POLY1305_SHA256                       65536        42.82       6.98     1459.5
------------------------------------------------------------------------------------------
TLS_AES_128_CCM_SHA256                                16        13.83      17.50        1.1
TLS_AES_128_CCM_SHA256                               512        13.18       2.98       37.0
TLS_AES_128_CCM_SHA256                              1024        13.72       3.08       71.2
TLS_AES_128_CCM_SHA256                             16384        27.53      21.48      567.5
TLS_AES_128_CCM_SHA256                             65536        66.48      21.48      940.1
------------------------------------------------------------------------------------------
TLS_AES_128_CBC_SHA256                                16        42.29      30.27        0.4
TLS_AES_128_CBC_SHA256                               512        43.46      26.38       11.2
TLS_AES_128_CBC_SHA256                              1024        45.58      33.23       21.4
TLS_AES_128_CBC_SHA256                             16384        89.99      30.39      173.6
TLS_AES_128_CBC_SHA256                             65536       235.82      46.05      265.0
------------------------------------------------------------------------------------------
TLS_ECDHE_RSA_WITH_3DES_EDE_CBC_SHA                   16        27.19      22.12        0.6
TLS_ECDHE_RSA_WITH_3DES_EDE_CBC_SHA                  512        44.05      29.78       11.1
TLS_ECDHE_RSA_WITH_3DES_EDE_CBC_SHA                 1024        60.44      19.71       16.2
TLS_ECDHE_RSA_WITH_3DES_EDE_CBC_SHA                16384       564.43      70.10       27.7
TLS_ECDHE_RSA_WITH_3DES_EDE_CBC_SHA                65536      2219.26     567.67       28.2
------------------------------------------------------------------------------------------
