Cipher Suite                                    Size (B)    Mean (µs)   Std (µs)       MB/s
------------------------------------------------------------------------------------------
TLS_AES_128_GCM_SHA256                                16         2.14       2.40        7.1
TLS_AES_128_GCM_SHA256                               512         2.21       0.66      221.1
TLS_AES_128_GCM_SHA256                              1024         2.98       3.22      328.0
TLS_AES_128_GCM_SHA256                             16384        22.95       8.48      680.7
TLS_AES_128_GCM_SHA256                             65536        60.97      12.16     1025.1
------------------------------------------------------------------------------------------
TLS_AES_256_GCM_SHA384                                16         4.68       1.05        3.3
TLS_AES_256_GCM_SHA384                               512         5.33       1.13       91.6
TLS_AES_256_GCM_SHA384                              1024         5.55       0.48      175.9
TLS_AES_256_GCM_SHA384                             16384        12.96       1.88     1205.8
TLS_AES_256_GCM_SHA384                             65536        32.63       4.09     1915.2
------------------------------------------------------------------------------------------
TLS_CHACHA20_POLY1305_SHA256                          16         3.82       2.36        4.0
TLS_CHACHA20_POLY1305_SHA256                         512         3.67       0.76      133.2
TLS_CHACHA20_POLY1305_SHA256                        1024         4.12       0.21      237.3
TLS_CHACHA20_POLY1305_SHA256                       16384        13.86       1.27     1127.5
TLS_CHACHA20_POLY1305_SHA256                       65536        37.39       2.50     1671.5
------------------------------------------------------------------------------------------
TLS_AES_128_CCM_SHA256                                16         3.55       3.34        4.3
TLS_AES_128_CCM_SHA256                               512         3.36       0.22      145.5
TLS_AES_128_CCM_SHA256                              1024         3.43       0.41      284.8
TLS_AES_128_CCM_SHA256                             16384        14.41       0.40     1084.4
TLS_AES_128_CCM_SHA256                             65536        48.30       1.89     1293.9
------------------------------------------------------------------------------------------
TLS_AES_128_CBC_SHA256                                16        22.64      25.71        0.7
TLS_AES_128_CBC_SHA256                               512        18.54       1.58       26.3
TLS_AES_128_CBC_SHA256                              1024        19.74       3.03       49.5
TLS_AES_128_CBC_SHA256                             16384        64.61       9.23      241.8
TLS_AES_128_CBC_SHA256                             65536       200.82      31.51      311.2
------------------------------------------------------------------------------------------
TLS_ECDHE_RSA_WITH_3DES_EDE_CBC_SHA                   16        44.29     435.86        0.3
TLS_ECDHE_RSA_WITH_3DES_EDE_CBC_SHA                  512        33.47      13.80       14.6
TLS_ECDHE_RSA_WITH_3DES_EDE_CBC_SHA                 1024        46.46      13.76       21.0
TLS_ECDHE_RSA_WITH_3DES_EDE_CBC_SHA                16384       503.11      52.20       31.1
TLS_ECDHE_RSA_WITH_3DES_EDE_CBC_SHA                65536      2057.96     667.46       30.4
------------------------------------------------------------------------------------------
