Cipher Suite                                    Size (B)    Mean (µs)   Std (µs)       MB/s
------------------------------------------------------------------------------------------
TLS_AES_128_GCM_SHA256                                16         2.37       2.72        6.4
TLS_AES_128_GCM_SHA256                               512         2.34       0.56      208.5
TLS_AES_128_GCM_SHA256                              1024         2.62       1.05      373.2
TLS_AES_128_GCM_SHA256                             16384         5.53       0.57     2825.8
TLS_AES_128_GCM_SHA256                             65536        14.76       2.51     4233.3
------------------------------------------------------------------------------------------
TLS_AES_256_GCM_SHA384                                16         2.07       0.19        7.4
TLS_AES_256_GCM_SHA384                               512         2.41       0.21      202.9
TLS_AES_256_GCM_SHA384                              1024         2.50       0.55      391.2
TLS_AES_256_GCM_SHA384                             16384         6.66       1.71     2345.9
TLS_AES_256_GCM_SHA384                             65536        18.30       0.47     3414.4
------------------------------------------------------------------------------------------
TLS_CHACHA20_POLY1305_SHA256                          16         2.49       1.66        6.1
TLS_CHACHA20_POLY1305_SHA256                         512         2.58       0.70      189.0
TLS_CHACHA20_POLY1305_SHA256                        1024         2.84       0.19      343.9
TLS_CHACHA20_POLY1305_SHA256                       16384         9.77       0.42     1599.1
TLS_CHACHA20_POLY1305_SHA256                       65536        32.27       5.95     1936.9
------------------------------------------------------------------------------------------
TLS_AES_128_CCM_SHA256                                16         2.89       0.99        5.3
TLS_AES_128_CCM_SHA256                               512         3.30       0.46      147.8
TLS_AES_128_CCM_SHA256                              1024         3.63       0.21      268.9
TLS_AES_128_CCM_SHA256                             16384        14.68       0.66     1064.4
TLS_AES_128_CCM_SHA256                             65536        50.67      10.93     1233.5
------------------------------------------------------------------------------------------
TLS_AES_128_CBC_SHA256                                16        18.43      25.29        0.8
TLS_AES_128_CBC_SHA256                               512        18.00       0.92       27.1
TLS_AES_128_CBC_SHA256                              1024        19.43       0.88       50.3
TLS_AES_128_CBC_SHA256                             16384        63.42      12.63      246.4
TLS_AES_128_CBC_SHA256                             65536       198.04      23.23      315.6
------------------------------------------------------------------------------------------
TLS_ECDHE_RSA_WITH_3DES_EDE_CBC_SHA                   16        42.00     398.47        0.4
TLS_ECDHE_RSA_WITH_3DES_EDE_CBC_SHA                  512        38.75      19.27       12.6
TLS_ECDHE_RSA_WITH_3DES_EDE_CBC_SHA                 1024        51.66      11.72       18.9
TLS_ECDHE_RSA_WITH_3DES_EDE_CBC_SHA                16384       508.16      62.50       30.7
TLS_ECDHE_RSA_WITH_3DES_EDE_CBC_SHA                65536      2073.20     713.95       30.1
------------------------------------------------------------------------------------------
