Cipher Suite                                    Size (B)    Mean (µs)   Std (µs)       MB/s
------------------------------------------------------------------------------------------
TLS_AES_128_GCM_SHA256                                16        15.08      53.24        1.0
TLS_AES_128_GCM_SHA256                               512        22.97     138.16       21.3
TLS_AES_128_GCM_SHA256                              1024        13.40       5.06       72.9
TLS_AES_128_GCM_SHA256                             16384        17.11       3.92      912.9
TLS_AES_128_GCM_SHA256                             65536        48.30     197.95     1294.0
------------------------------------------------------------------------------------------
TLS_AES_256_GCM_SHA384                                16        12.81      19.27        1.2
TLS_AES_256_GCM_SHA384                               512        12.19       2.45       40.1
TLS_AES_256_GCM_SHA384                              1024        12.60       2.83       77.5
TLS_AES_256_GCM_SHA384                             16384        17.52       2.04      892.1
TLS_AES_256_GCM_SHA384                             65536        43.71     120.47     1430.0
------------------------------------------------------------------------------------------
TLS_CHACHA20_POLY1305_SHA256                          16         7.76       3.99        2.0
TLS_CHACHA20_POLY1305_SHA256                         512         9.40      17.53       51.9
TLS_CHACHA20_POLY1305_SHA256                        1024         8.58       1.99      113.8
TLS_CHACHA20_POLY1305_SHA256                       16384        16.81       2.50      929.4
TLS_CHACHA20_POLY1305_SHA256                       65536        44.58      15.79     1402.1
------------------------------------------------------------------------------------------
TLS_AES_128_CCM_SHA256                                16        12.58       4.06        1.2
TLS_AES_128_CCM_SHA256                               512        14.09      18.16       34.7
TLS_AES_128_CCM_SHA256                              1024        13.61       2.43       71.8
TLS_AES_128_CCM_SHA256                             16384        25.88       3.22      603.7
TLS_AES_128_CCM_SHA256                             65536        66.74      25.22      936.5
------------------------------------------------------------------------------------------
TLS_AES_128_CBC_SHA256                                16        61.03     271.41        0.3
TLS_AES_128_CBC_SHA256                               512        50.12     129.56        9.7
TLS_AES_128_CBC_SHA256                              1024        43.43      19.27       22.5
TLS_AES_128_CBC_SHA256                             16384        89.75      28.42      174.1
TLS_AES_128_CBC_SHA256                             65536       260.15      88.05      240.2
------------------------------------------------------------------------------------------
TLS_ECDHE_RSA_WITH_3DES_EDE_CBC_SHA                   16        26.79       7.55        0.6
TLS_ECDHE_RSA_WITH_3DES_EDE_CBC_SHA                  512        47.09      67.95       10.4
TLS_ECDHE_RSA_WITH_3DES_EDE_CBC_SHA                 1024        62.93      46.22       15.5
TLS_ECDHE_RSA_WITH_3DES_EDE_CBC_SHA                16384       628.75     158.20       24.9
TLS_ECDHE_RSA_WITH_3DES_EDE_CBC_SHA                65536      2329.27     510.41       26.8
------------------------------------------------------------------------------------------
