Cipher Suite                                    Size (B)    Mean (µs)   Std (µs)       MB/s
------------------------------------------------------------------------------------------
TLS_AES_128_GCM_SHA256                                16        14.76      49.14        1.0
TLS_AES_128_GCM_SHA256                               512        12.06       3.20       40.5
TLS_AES_128_GCM_SHA256                              1024        11.97       2.13       81.6
TLS_AES_128_GCM_SHA256                             16384        16.93       4.42      922.8
TLS_AES_128_GCM_SHA256                             65536        29.59       5.57     2112.2
------------------------------------------------------------------------------------------
TLS_AES_256_GCM_SHA384                                16        11.14       2.06        1.4
TLS_AES_256_GCM_SHA384                               512        11.70       2.00       41.7
TLS_AES_256_GCM_SHA384                              1024        12.39       2.16       78.8
TLS_AES_256_GCM_SHA384                             16384        17.30       1.84      903.3
TLS_AES_256_GCM_SHA384                             65536        33.78       5.14     1850.1
------------------------------------------------------------------------------------------
TLS_CHACHA20_POLY1305_SHA256                          16         7.47       2.69        2.0
TLS_CHACHA20_POLY1305_SHA256                         512         8.00       2.55       61.1
TLS_CHACHA20_POLY1305_SHA256                        1024         8.18       1.87      119.4
TLS_CHACHA20_POLY1305_SHA256                       16384        17.08       3.73      915.0
TLS_CHACHA20_POLY1305_SHA256                       65536        45.20      30.52     1382.7
------------------------------------------------------------------------------------------
TLS_AES_128_CCM_SHA256                                16        12.04       2.97        1.3
TLS_AES_128_CCM_SHA256                               512        12.94       2.41       37.7
TLS_AES_128_CCM_SHA256                              1024        13.38       1.91       73.0
TLS_AES_128_CCM_SHA256                             16384        25.94       3.39      602.4
TLS_AES_128_CCM_SHA256                             65536        64.07       5.35      975.5
------------------------------------------------------------------------------------------
TLS_AES_128_CBC_SHA256                                16        39.08      17.25        0.4
TLS_AES_128_CBC_SHA256                               512        40.26       5.12       12.1
TLS_AES_128_CBC_SHA256                              1024        41.87       4.62       23.3
TLS_AES_128_CBC_SHA256                             16384        85.29       7.28      183.2
TLS_AES_128_CBC_SHA256                             65536       250.82     109.83      249.2
------------------------------------------------------------------------------------------
TLS_ECDHE_RSA_WITH_3DES_EDE_CBC_SHA                   16        25.64       5.90        0.6
TLS_ECDHE_RSA_WITH_3DES_EDE_CBC_SHA                  512        41.15       4.02       11.9
TLS_ECDHE_RSA_WITH_3DES_EDE_CBC_SHA                 1024        58.96      13.37       16.6
TLS_ECDHE_RSA_WITH_3DES_EDE_CBC_SHA                16384       536.16      48.89       29.1
TLS_ECDHE_RSA_WITH_3DES_EDE_CBC_SHA                65536      2109.74     642.05       29.6
------------------------------------------------------------------------------------------
