Cipher Suite                                    Size (B)    Mean (µs)   Std (µs)       MB/s
------------------------------------------------------------------------------------------
TLS_AES_128_GCM_SHA256                                16        19.90      93.91        0.8
TLS_AES_128_GCM_SHA256                               512        12.03       3.40       40.6
TLS_AES_128_GCM_SHA256                              1024        21.67      62.15       45.1
TLS_AES_128_GCM_SHA256                             16384        16.55       3.91      943.9
TLS_AES_128_GCM_SHA256                             65536        32.53      31.07     1921.1
------------------------------------------------------------------------------------------
TLS_AES_256_GCM_SHA384                                16        11.51       3.70        1.3
TLS_AES_256_GCM_SHA384                               512        11.79       1.82       41.4
TLS_AES_256_GCM_SHA384                              1024        13.59      17.63       71.9
TLS_AES_256_GCM_SHA384                             16384        17.05       2.09      916.6
TLS_AES_256_GCM_SHA384                             65536        34.83      18.55     1794.2
------------------------------------------------------------------------------------------
TLS_CHACHA20_POLY1305_SHA256                          16         7.38       2.93        2.1
TLS_CHACHA20_POLY1305_SHA256                         512         7.67       2.10       63.6
TLS_CHACHA20_POLY1305_SHA256                        1024         8.34       1.87      117.1
TLS_CHACHA20_POLY1305_SHA256                       16384        17.76      18.89      879.9
TLS_CHACHA20_POLY1305_SHA256                       65536        43.88      12.34     1424.2
------------------------------------------------------------------------------------------
TLS_AES_128_CCM_SHA256                                16        13.46      17.22        1.1
TLS_AES_128_CCM_SHA256                               512        13.04       2.57       37.4
TLS_AES_128_CCM_SHA256                              1024        13.59       2.12       71.8
TLS_AES_128_CCM_SHA256                             16384        26.98      17.82      579.1
TLS_AES_128_CCM_SHA256                             65536        65.37      18.38      956.1
------------------------------------------------------------------------------------------
TLS_AES_128_CBC_SHA256                                16        40.33      24.02        0.4
TLS_AES_128_CBC_SHA256                               512        41.25      22.12       11.8
TLS_AES_128_CBC_SHA256                              1024        44.36      22.70       22.0
TLS_AES_128_CBC_SHA256                             16384        86.11      25.36      181.4
TLS_AES_128_CBC_SHA256                             65536       232.03      52.33      269.4
------------------------------------------------------------------------------------------
TLS_ECDHE_RSA_WITH_3DES_EDE_CBC_SHA                   16        24.95       4.32        0.6
TLS_ECDHE_RSA_WITH_3DES_EDE_CBC_SHA                  512        42.60      23.23       11.5
TLS_ECDHE_RSA_WITH_3DES_EDE_CBC_SHA                 1024        58.50      19.77       16.7
TLS_ECDHE_RSA_WITH_3DES_EDE_CBC_SHA                16384       545.23      66.54       28.7
TLS_ECDHE_RSA_WITH_3DES_EDE_CBC_SHA                65536      2186.74     604.37       28.6
------------------------------------------------------------------------------------------
