Cipher Suite                                    Size (B)    Mean (µs)   Std (µs)       MB/s
------------------------------------------------------------------------------------------
TLS_AES_128_GCM_SHA256                                16        10.18      11.55        1.5
TLS_AES_128_GCM_SHA256                               512         2.85       2.78      171.4
TLS_AES_128_GCM_SHA256                              1024         2.84       2.07      343.9
TLS_AES_128_GCM_SHA256                             16384         6.31       3.58     2477.8
TLS_AES_128_GCM_SHA256                             65536        15.72       5.02     3975.1
------------------------------------------------------------------------------------------
TLS_AES_256_GCM_SHA384                                16         2.05       0.19        7.4
TLS_AES_256_GCM_SHA384                               512         2.41       0.23      203.0
TLS_AES_256_GCM_SHA384                              1024         2.51       0.53      389.4
TLS_AES_256_GCM_SHA384                             16384         7.42       3.55     2105.9
TLS_AES_256_GCM_SHA384                             65536        83.32      34.69      750.1
------------------------------------------------------------------------------------------
TLS_CHACHA20_POLY1305_SHA256                          16         8.01       4.46        1.9
TLS_CHACHA20_POLY1305_SHA256                         512         6.44       1.70       75.8
TLS_CHACHA20_POLY1305_SHA256                        1024         7.09       1.12      137.7
TLS_CHACHA20_POLY1305_SHA256                       16384        20.91       5.09      747.4
TLS_CHACHA20_POLY1305_SHA256                       65536        50.60       6.17     1235.2
------------------------------------------------------------------------------------------
TLS_AES_128_CCM_SHA256                                16         4.08       1.45        3.7
TLS_AES_128_CCM_SHA256                               512         4.09       0.60      119.2
TLS_AES_128_CCM_SHA256                              1024         4.54       0.54      215.3
TLS_AES_128_CCM_SHA256                             16384        17.78       1.56      878.9
TLS_AES_128_CCM_SHA256                             65536        50.52       3.17     1237.1
------------------------------------------------------------------------------------------
TLS_AES_128_CBC_SHA256                                16        18.78      23.80        0.8
TLS_AES_128_CBC_SHA256                               512        17.83       0.84       27.4
TLS_AES_128_CBC_SHA256                              1024        19.32       0.87       50.5
TLS_AES_128_CBC_SHA256                             16384        64.22      12.83      243.3
TLS_AES_128_CBC_SHA256                             65536       216.73      52.19      288.4
------------------------------------------------------------------------------------------
TLS_ECDHE_RSA_WITH_3DES_EDE_CBC_SHA                   16        44.16     424.12        0.3
TLS_ECDHE_RSA_WITH_3DES_EDE_CBC_SHA                  512        33.52      12.83       14.6
TLS_ECDHE_RSA_WITH_3DES_EDE_CBC_SHA                 1024        44.84       7.54       21.8
TLS_ECDHE_RSA_WITH_3DES_EDE_CBC_SHA                16384       522.00      89.43       29.9
TLS_ECDHE_RSA_WITH_3DES_EDE_CBC_SHA                65536      1964.52     138.37       31.8
------------------------------------------------------------------------------------------
