Cipher Suite                                    Size (B)    Mean (µs)   Std (µs)       MB/s
------------------------------------------------------------------------------------------
TLS_AES_128_GCM_SHA256                                16        15.27      49.80        1.0
TLS_AES_128_GCM_SHA256                               512        12.34       2.27       39.6
TLS_AES_128_GCM_SHA256                              1024        14.03      21.85       69.6
TLS_AES_128_GCM_SHA256                             16384        17.22       3.32      907.3
TLS_AES_128_GCM_SHA256                             65536        31.88      22.60     1960.4
------------------------------------------------------------------------------------------
TLS_AES_256_GCM_SHA384                                16        11.57       2.28        1.3
TLS_AES_256_GCM_SHA384                               512        12.37       2.21       39.5
TLS_AES_256_GCM_SHA384                              1024        12.54       2.22       77.8
TLS_AES_256_GCM_SHA384                             16384        19.56      18.32      798.8
TLS_AES_256_GCM_SHA384                             65536        33.96       3.87     1840.3
------------------------------------------------------------------------------------------
TLS_CHACHA20_POLY1305_SHA256                          16         9.59      22.20        1.6
TLS_CHACHA20_POLY1305_SHA256                         512         8.25       1.85       59.2
TLS_CHACHA20_POLY1305_SHA256                        1024         8.74       1.97      111.8
TLS_CHACHA20_POLY1305_SHA256                       16384        25.50      93.66      612.8
TLS_CHACHA20_POLY1305_SHA256                       65536        44.13       6.22     1416.3
------------------------------------------------------------------------------------------
TLS_AES_128_CCM_SHA256                                16        12.89       3.86        1.2
TLS_AES_128_CCM_SHA256                               512        13.48       2.74       36.2
TLS_AES_128_CCM_SHA256                              1024        14.02       1.81       69.6
TLS_AES_128_CCM_SHA256                             16384        26.84       4.49      582.1
TLS_AES_128_CCM_SHA256                             65536        64.47       3.91      969.4
------------------------------------------------------------------------------------------
TLS_AES_128_CBC_SHA256                                16        39.72      18.58        0.4
TLS_AES_128_CBC_SHA256                               512        40.92       6.77       11.9
TLS_AES_128_CBC_SHA256                              1024        42.34       6.15       23.1
TLS_AES_128_CBC_SHA256                             16384        85.28       6.24      183.2
TLS_AES_128_CBC_SHA256                             65536       223.38      12.15      279.8
------------------------------------------------------------------------------------------
TLS_ECDHE_RSA_WITH_3DES_EDE_CBC_SHA                   16        25.63       5.53        0.6
TLS_ECDHE_RSA_WITH_3DES_EDE_CBC_SHA                  512        41.07       3.73       11.9
TLS_ECDHE_RSA_WITH_3DES_EDE_CBC_SHA                 1024        57.98       5.95       16.8
TLS_ECDHE_RSA_WITH_3DES_EDE_CBC_SHA                16384       536.52      17.65       29.1
TLS_ECDHE_RSA_WITH_3DES_EDE_CBC_SHA                65536      2066.48      47.38       30.2
------------------------------------------------------------------------------------------
